0 0.591601689408707 0.0824724517906336 0.5358999350227421 0.1649449035812672
0 0.5552631578947368 0.18937098255280072 0.5223521767381417 0.1583103764921947
0 0.5057992202729045 0.2983241505968779 0.49577647823261844 0.1497704315886134
0 0.4245126705653022 0.5129476584022038 0.4873294346978556 0.16000918273645548
0 0.3544509421702405 0.7191919191919193 0.5095841455490578 0.17056932966023872
0 0.2691358024691358 0.9224977043158861 0.5046783625730994 0.15399449035812665
0 0.32969460688758934 0.3910468319559228 0.17894736842105266 0.1134067952249771
0 0.6137426900584796 0.42112029384756655 0.17868745938921388 0.10514233241505974
0 0.5371994801819364 0.624334251606979 0.20545808966861595 0.11988062442607877
0 0.24402209226770627 0.6057162534435261 0.209779077322937 0.11786042240587702
0 0.44943144899285253 0.8359274563820018 0.20107212475633524 0.11983471074380166
0 0.1562540610786225 0.8173094582185492 0.2053931124106563 0.11781450872359966