0 0.8095870206489676 0.3385802469135802 0.2526384791871518 0.18858024691358027
0 0.584349393641429 0.4952160493827161 0.20331039003605383 0.16203703703703703
0 0.6042445099967223 0.2604938271604938 0.19419862340216326 0.15216049382716054
0 0.3825467059980334 0.6040123456790124 0.1768928220255653 0.16481481481481491
0 0.4123893805309734 0.4078703703703703 0.1768928220255653 0.16481481481481491
0 0.43559488692232057 0.21219135802469133 0.16738774172402493 0.1410493827160494
0 0.22043592264831202 0.7146604938271606 0.1724680432645035 0.16450617283950603
0 0.23700426089806625 0.5194444444444444 0.14110127826941984 0.14845679012345678
0 0.27328744673877414 0.32978395061728394 0.14981973123566045 0.1444444444444444
0 0.2918715175352343 0.14135802469135803 0.1448705342510652 0.12561728395061728
0 0.07019829564077353 0.8199074074074074 0.14039659128154705 0.17160493827160492
0 0.0883644706653556 0.6222222222222222 0.13212061619141266 0.1432098765432099
0 0.12477876106194692 0.4279320987654321 0.14031465093411996 0.120679012345679
0 0.1380858734841036 0.2699074074074074 0.1270403146509341 0.11975308641975312
0 0.17150114716486398 0.10354938271604938 0.1271714192068174 0.12438271604938268