0 0.5562739463601531 0.14319319319319318 0.16736909323116217 0.2598598598598599
0 0.4388729246487867 0.38078078078078076 0.14511494252873558 0.20930930930930933
0 0.6562260536398468 0.34814814814814815 0.13212005108556835 0.20420420420420415
0 0.36637931034482757 0.5914914914914916 0.14473180076628356 0.18228228228228235
0 0.54477969348659 0.5493993993993994 0.14473180076628356 0.18228228228228216
0 0.7232758620689655 0.514064064064064 0.12311621966794378 0.17677677677677675
0 0.2825670498084291 0.7644144144144144 0.1446679438058748 0.17777777777777792
0 0.46328224776500637 0.7334834834834834 0.1312899106002554 0.1456456456456458
0 0.6351213282247765 0.6849349349349348 0.1271711366538953 0.15895895895895898
0 0.8093390804597701 0.6520520520520521 0.10986590038314197 0.15365365365365355
0 0.2049968071519796 0.9212712712712714 0.15284163473818643 0.1466466466466466
0 0.38571200510855685 0.8903403403403404 0.13116219667943807 0.1366366366366368
0 0.5640166028097062 0.8414914914914915 0.10549169859514697 0.14894894894894894
0 0.7081577266922094 0.8167667667667667 0.10961047254150703 0.13563563563563552
0 0.860632183908046 0.7713713713713714 0.11392081736909324 0.1358358358358359