0 0.41252 0.18229166666666666 0.145 0.22916666666666666
0 0.53 0.3945416666666667 0.125 0.18491666666666667
0 0.32752 0.3789166666666667 0.115 0.17970833333333333
0 0.60752 0.5833333333333334 0.13 0.15625
0 0.44 0.5572916666666666 0.13 0.15625
0 0.27376 0.5377500000000001 0.10751999999999999 0.15366666666666667
0 0.69252 0.7356666666666667 0.13 0.15362499999999998
0 0.52376 0.721375 0.11752 0.125
0 0.36124 0.6887916666666667 0.11252 0.13804166666666667
0 0.2 0.6731666666666667 0.095 0.13283333333333333
0 0.77252 0.8841249999999999 0.135 0.13804166666666667
0 0.60124 0.8606666666666667 0.11752 0.11720833333333333
0 0.43624 0.8294166666666667 0.09251999999999999 0.127625
0 0.3 0.8164166666666667 0.095 0.11720833333333333
0 0.15752000000000002 0.7864583333333334 0.1 0.11458333333333333