0 0.40350210970464134 0.095 0.4694092827004219 0.115
0 0.4166666666666667 0.2025 0.4641350210970464 0.105
0 0.4193248945147679 0.30876 0.43776371308016876 0.0975
0 0.44042194092827003 0.5175 0.4272151898734177 0.11
0 0.4694092827004219 0.71876 0.4430379746835443 0.1175
0 0.48523206751054854 0.9225 0.4430379746835443 0.11
0 0.29535864978902954 0.41126 0.12658227848101267 0.0975
0 0.5775527426160337 0.415 0.13185654008438819 0.09
0 0.5986497890295358 0.61376 0.1529535864978903 0.1025
0 0.3111814345991561 0.62126 0.15822784810126583 0.0975
0 0.6118143459915611 0.82126 0.14767932489451477 0.1025
0 0.3243881856540084 0.8275 0.1529535864978903 0.1