0 0.856 0.5346666666666666 0.284 0.216
0 0.847 0.736 0.29 0.20266666666666666
0 0.534 0.744 0.336 0.19733333333333333
0 0.18 0.744 0.336 0.192
0 0.54 0.5386666666666666 0.348 0.192
0 0.189 0.5453333333333333 0.346 0.20533333333333334
0 0.84 0.31333333333333335 0.12 0.216
0 0.716 0.32 0.136 0.208
0 0.596 0.3253333333333333 0.112 0.20266666666666666
0 0.475 0.30933333333333335 0.122 0.20266666666666666
0 0.349 0.30666666666666664 0.106 0.208
0 0.222 0.304 0.124 0.20266666666666666
0 0.099 0.30933333333333335 0.126 0.224
0 0.944 0.29333333333333333 0.084 0.16
0 0.088 0.09333333333333334 0.12 0.18666666666666668
0 0.226 0.09466666666666666 0.12 0.184
0 0.361 0.096 0.126 0.192
0 0.478 0.13333333333333333 0.064 0.144
0 0.982 0.12266666666666666 0.036 0.16533333333333333
0 0.918 0.13333333333333333 0.08 0.15466666666666667
0 0.829 0.12533333333333332 0.094 0.15466666666666667
0 0.743 0.12666666666666668 0.082 0.168
0 0.658 0.13866666666666666 0.088 0.16
0 0.558 0.13066666666666665 0.092 0.14933333333333335
0 0.587 0.028 0.23 0.056
0 0.817 0.02 0.198 0.04