0 0.8587669948429442 0.34033270558694284 0.2824660103141116 0.32510985561833017
0 0.8754492889513986 0.548556183301946 0.24910142209720282 0.31217827997489017
0 0.6072433192686357 0.6768989328311362 0.39060790748554464 0.3391086001255494
0 0.2498437255821222 0.8198367859384809 0.38412251914361617 0.33308223477715015
0 0.567627754336615 0.46704331450094166 0.4011564306922957 0.3397363465160075
0 0.21350992342553526 0.614030131826742 0.4015471167369902 0.35386064030131825
0 0.8231364275668074 0.12639673571876964 0.17182372245663388 0.2527934714375393
0 0.6989764025629004 0.17344632768361581 0.1865135177371464 0.2705586942875079
0 0.57790279731208 0.22733835530445698 0.16080637599624956 0.2549278091650973
0 0.45198468510704803 0.2588826114249843 0.17143303641193933 0.2583804143126176
0 0.32337083919362397 0.307564344005022 0.15463353649007658 0.26020087884494664
0 0.19370214095952493 0.35630885122410544 0.1736208782622285 0.26133082234777155
0 0.08317705891545556 0.40957313245448834 0.15103922487888732 0.28254865034526055
0 0.9124081887794968 0.07746390458254866 0.1000937646507267 0.15492780916509732
0 0.04934364744491327 0.2177652228499686 0.09149867166744804 0.1859384808537351
0 0.1577980934521019 0.16603892027620842 0.15478981090795438 0.1897049591964846
0 0.29477262072198784 0.114030131826742 0.16135333645882166 0.198556183301946
0 0.41639318643538054 0.08370998116760829 0.0975152367557431 0.16741996233521658
0 0.7720737615252382 0.014218455743879472 0.12642600406313473 0.028436911487758943
0 0.6850289107673073 0.035028248587570615 0.11689326457258943 0.07005649717514123
0 0.6000937646507267 0.05602636534839924 0.12423816221284581 0.11205273069679848
0 0.4959368651351774 0.06905210295040803 0.12689482731676827 0.13810420590081607