0 0.13631205673758864 0.5157302188552189 0.2726241134751773 0.27577861952861954
0 0.12978723404255318 0.7287457912457913 0.25957446808510637 0.2643097643097644
0 0.42219858156028367 0.7926662457912458 0.3826950354609929 0.26830808080808083
0 0.7786524822695036 0.8515888047138046 0.3482269503546101 0.25810185185185186
0 0.44163120567375885 0.5743371212121212 0.3953191489361701 0.26609848484848475
0 0.7946099290780142 0.63878367003367 0.3639716312056736 0.2758838383838383
0 0.15333333333333332 0.2824074074074074 0.15475177304964544 0.25136784511784516
0 0.28304964539007094 0.31160563973063976 0.1714893617021277 0.24652777777777776
0 0.4086524822695035 0.33775252525252525 0.14340425531914888 0.23663720538720542
0 0.5385106382978724 0.3427504208754209 0.15404255319148932 0.23716329966329963
0 0.6708510638297872 0.36211069023569026 0.13929078014184404 0.2392676767676768
0 0.8053191489361702 0.3815761784511784 0.1561702127659574 0.23726851851851857
0 0.9203546099290781 0.4057765151515152 0.13602836879432637 0.2589436026936027
0 0.0499645390070922 0.2429503367003367 0.0999290780141844 0.18381734006734005
0 0.9470921985815602 0.19065656565656566 0.10099290780141851 0.19486531986531982
0 0.8256028368794326 0.16756102693602692 0.14794326241134745 0.2000210437710438
0 0.682695035460993 0.14625420875420878 0.1546099290780141 0.20601851851851852
0 0.5563829787234043 0.1556712962962963 0.08680851063829778 0.16582491582491582
0 0.03361702127659574 0.07428451178451179 0.03914893617021276 0.14646464646464644
0 0.09283687943262411 0.08433291245791247 0.10368794326241135 0.16382575757575757
0 0.18737588652482268 0.09185606060606061 0.11886524822695037 0.17024410774410773
0 0.2763120567375887 0.1047979797979798 0.10695035460992905 0.18665824915824916
0 0.3657446808510638 0.1291561447811448 0.1133333333333333 0.1869739057239057
0 0.47297872340425534 0.13873106060606058 0.11702127659574468 0.17582070707070707
0 0.4520567375886525 0.04513888888888889 0.24907801418439715 0.05765993265993266