0 0.031028123559243892 0.2634259259259259 0.062056247118487784 0.42685185185185187
0 0.09429844782541877 0.31117283950617286 0.1177808513908099 0.43679012345679014
0 0.1925925925925926 0.38285493827160494 0.12403565391117258 0.44530864197530867
0 0.31162594129399107 0.4572376543209876 0.1303058244966959 0.4579938271604938
0 0.7228599969263869 0.6299074074074074 0.528815122176118 0.5156790123456789
0 0.6521822652528046 0.9350154320987654 0.24535116028891957 0.1299691358024693
0 0.43662978331028124 0.8736574074074074 0.22088520055325028 0.2526851851851852
0 0.8718918088212694 0.9948148148148148 0.20759182418933467 0.010370370370370334
0 0.12630244352236053 0.07251543209876544 0.11254034117104655 0.1408333333333333
0 0.2371830336560627 0.1070679012345679 0.12314430613185799 0.20364197530864198
0 0.3532042415859843 0.1542746913580247 0.13591516828031353 0.29151234567901235
0 0.48614568925772245 0.11447530864197532 0.14389119409866297 0.20425925925925928
0 0.628169663439373 0.14370370370370372 0.15023820500998922 0.23777777777777775
0 0.7701859535884432 0.1750154320987654 0.14817888427846934 0.24188271604938272
0 0.04964653450130629 0.04106481481481481 0.06668203473182725 0.08114197530864198