0 0.97134 0.336 0.05734 0.4
0 0.90134 0.368 0.09334 0.4
0 0.80334 0.41731999999999997 0.1 0.408
0 0.6846599999999999 0.46668 0.10534 0.42132
0 0.28334 0.55068 0.492 0.39732
0 0.33666 0.90932 0.23066 0.18131999999999998
0 0.54734 0.8706799999999999 0.204 0.25868
0 0.11066 0.94268 0.22134 0.11468
0 0.882 0.09731999999999999 0.1 0.19468000000000002
0 0.774 0.11868000000000001 0.108 0.23732
0 0.65934 0.148 0.11866 0.296
0 0.5346599999999999 0.096 0.13066 0.192
0 0.39733999999999997 0.10268000000000001 0.136 0.20532
0 0.26066 0.10532 0.13466 0.21068
0 0.96466 0.08131999999999999 0.07066 0.15732