0 0.43333333333333335 0.165 0.8533333333333334 0.33
0 0.40501333333333334 0.72376 0.71 0.2425
0 0.6750133333333334 0.46876 0.25666666666666665 0.2625
0 0.3983466666666667 0.4775 0.2833333333333333 0.28
0 0.13 0.4925 0.26 0.295
0 0.9266666666666666 0.48876 0.14666666666666667 0.2875
0 0.9 0.73626 0.18 0.2025
0 0.19666666666666666 0.9225 0.24666666666666667 0.155
0 0.6483466666666666 0.89876 0.19666666666666666 0.1775
0 0.42834666666666665 0.91126 0.21666666666666667 0.1675
0 0.9166666666666666 0.17126 0.15333333333333332 0.3375
0 0.89 0.95 0.16 0.1