0 0.7665925925925925 0.25619908263161495 0.13417777777777762 0.2923461354145273
0 0.7045283950617285 0.6382077086328473 0.17494320987654313 0.5631957280755802
0 0.6460962962962963 0.9388306976107346 0.12954567901234562 0.12233860477853091
0 0.8351530864197529 0.40582255083179297 0.15876049382716034 0.5278496611213801
0 0.7570913580246913 0.8183405216676936 0.16486913580246915 0.36331895666461284
0 0.6513925925925925 0.34777161634832615 0.1702024691358024 0.5489970562059286
0 0.5738864197530864 0.7877456014239749 0.16379259259259257 0.4245087971520503
0 0.5752370370370371 0.18419593345656193 0.13149135802469147 0.28845758882727457
0 0.5115012345679012 0.5670089683028685 0.17895308641975316 0.5653316902854796
0 0.45357283950617283 0.9052235229684398 0.12316543209876545 0.1895529540631204
0 0.45732345679012343 0.2843568152255768 0.17068641975308643 0.5148490449784351
0 0.3834296296296296 0.7513058807421099 0.16467160493827157 0.49738823851578007
0 0.3208148148148148 0.4945916341480112 0.1735802469135803 0.5575545971109743
0 0.25952345679012345 0.8567775723967961 0.12520987654320986 0.2353460669542002
0 0.38441975308641974 0.13627028137194497 0.12982716049382723 0.22643937838022865
0 0.18767160493827162 0.6990586705004449 0.16921975308641973 0.4897994112411858
0 0.2660962962962963 0.2507325255014719 0.17980740740740742 0.4757787362223591