0 0.84375 0.7518008658008658 0.3125 0.1240952380952381
0 0.50833125 0.7503636363636363 0.3625 0.12121212121212122
0 0.165625 0.7489177489177489 0.32291875 0.12987012987012986
0 0.70208125 0.8672467532467533 0.35833125000000005 0.10677922077922078
0 0.340625 0.8672467532467533 0.35208125 0.11832900432900431
0 0.69375 0.6248225108225108 0.36666875 0.11832900432900431
0 0.33333125 0.6248225108225108 0.35833125000000005 0.11832900432900431
0 0.08125 0.8658008658008658 0.15833125 0.1038961038961039
0 0.940625 0.8686839826839827 0.11458125000000001 0.1038961038961039
0 0.07604375000000001 0.6176017316017316 0.14375 0.12121212121212122
0 0.9395812499999999 0.6233766233766234 0.11666874999999999 0.12121212121212122
0 0.84270625 0.49638961038961044 0.30625 0.12121212121212122
0 0.50833125 0.4935064935064935 0.3625 0.12698701298701298
0 0.16354375000000002 0.4935064935064935 0.32291875 0.12121212121212122
0 0.696875 0.3665194805194805 0.36041874999999995 0.12121212121212122
0 0.33125 0.3708484848484848 0.36666875 0.11832900432900431
0 0.07604375000000001 0.3650822510822511 0.14375 0.1240952380952381
0 0.94166875 0.3665194805194805 0.11666874999999999 0.12121212121212122
0 0.5104187499999999 0.23954112554112555 0.35833125000000005 0.12121212121212122
0 0.1625 0.23521212121212123 0.325 0.1240952380952381
0 0.8458312499999999 0.24242424242424243 0.3 0.12121212121212122
0 0.31770624999999997 0.11399999999999999 0.36041874999999995 0.12987012987012986
0 0.6875 0.11399999999999999 0.3625 0.12987012987012986
0 0.946875 0.11399999999999999 0.09791875 0.1240952380952381
0 0.06875 0.1038961038961039 0.13333125 0.12121212121212122