0 0.3424876293297346 0.11768431983385254 0.12762033288349078 0.20105919003115263
0 0.3030689258759434 0.4643302180685358 0.17316439246263804 0.5660020768431983
0 0.2636652171739891 0.8431775700934578 0.13427800269905532 0.26026998961578396
0 0.240238416554206 0.2205919003115265 0.14984255510571298 0.4208307372793354
0 0.1873219373219373 0.6765420560747664 0.1672064777327935 0.5395015576323987
0 0.42582346178837405 0.2646832814122534 0.16338781426500726 0.4869989615784009
0 0.3739216274303993 0.7348182762201454 0.16641175588544013 0.5303634475597092
0 0.5389863547758285 0.15218068535825544 0.126555705503074 0.2457943925233645
0 0.5011296046383765 0.5245898234683282 0.17725296146348776 0.5681204569055036
0 0.46003898635477586 0.8878816199376947 0.12675563552756527 0.22423676012461066
0 0.6251511970810216 0.30542056074766355 0.16452241715399615 0.5085358255451713
0 0.5693107412405658 0.762772585669782 0.16597190983155893 0.474454828660436
0 0.6974333983105913 0.5814745586708204 0.17169490678262625 0.5603115264797508
0 0.6592767531364022 0.9182658359293874 0.12774029089818564 0.16346832814122528
0 0.7351801869345729 0.20392523364485982 0.12516619183285854 0.24384215991692632
0 0.765761983305843 0.8046936656282451 0.1698305593042435 0.3906126687435098
0 0.8193132403658719 0.3724402907580478 0.17367421402509112 0.5268328141225338