0 0.477 0.5213333333333333 0.626 0.44533333333333336
0 0.398 0.8693333333333333 0.22 0.2613333333333333
0 0.636 0.8666666666666667 0.196 0.256
0 0.145 0.8853333333333333 0.246 0.21333333333333335
0 0.817 0.8506666666666667 0.178 0.2826666666666667
0 0.895 0.524 0.206 0.31733333333333336
0 0.956 0.848 0.08 0.29333333333333333
0 0.935 0.20133333333333334 0.098 0.30666666666666664
0 0.798 0.17866666666666667 0.152 0.3413333333333333
0 0.622 0.156 0.18 0.312
0 0.405 0.15466666666666667 0.21 0.304
0 0.162 0.144 0.236 0.2773333333333333
0 0.036 0.5586666666666666 0.072 0.44