0 0.5621399176954732 0.48724053724053723 0.7248437738149672 0.6567765567765569
0 0.7059746989788142 0.7996031746031745 0.27049230300259086 0.3147130647130647
0 0.4679698216735254 0.8522893772893774 0.24336229233348572 0.25830280830280833
0 0.9086648376771833 0.7395299145299145 0.1826703246456334 0.27905982905982907
0 0.2832114007011126 0.8728937728937729 0.2301630848955952 0.23833943833943813
0 0.1504724889498552 0.6246031746031746 0.2614388050602043 0.38815628815628817
0 0.14215058680079257 0.9019230769230768 0.1295686633135193 0.19126984126984137
0 0.06443377533912514 0.31294261294261294 0.11569882639841488 0.34114774114774116
0 0.17600975461057766 0.24710012210012208 0.22077427221460144 0.39670329670329674
0 0.34804145709495504 0.17803724053724054 0.24206675811614084 0.3560744810744811
0 0.5645023624447493 0.14246031746031745 0.26892242036274955 0.2849206349206349
0 0.8064395671391557 0.09297924297924297 0.287776253619875 0.18595848595848594
0 0.9657216887669562 0.38803418803418804 0.06855662246608754 0.46068376068376077