0 0.5106837606837606 0.5083783783783784 0.6877642825011246 0.585085085085085
0 0.6256185335132703 0.8382682682682682 0.2560953666216825 0.30788788788788796
0 0.386302294197031 0.8676576576576576 0.23099415204678359 0.2589989989989989
0 0.8650922177237966 0.7994194194194194 0.24732343679712107 0.26726726726726735
0 0.20402609086819615 0.874864864864865 0.2146198830409357 0.24802802802802784
0 0.10780476833108411 0.602952952952953 0.21560953666216823 0.3616616616616616
0 0.06711650922177237 0.8924324324324324 0.11084120557804769 0.2145745745745745
0 0.04347728295096716 0.2901001001001001 0.08695456590193432 0.3279079079079079
0 0.15389113810166444 0.23897897897897896 0.19847053531264058 0.37217217217217213
0 0.32791273054430947 0.1805105105105105 0.22226720647773282 0.3426826826826827
0 0.5450292397660818 0.1506006006006006 0.25002249212775535 0.3012012012012012
0 0.7865272154745839 0.11298298298298298 0.27309941520467823 0.22596596596596596
0 0.9437921727395412 0.4486986986986987 0.1047683310841204 0.4577177177177177