0 0.8730432780847145 0.1524325472700234 0.25268569674647007 0.17052616670207488
0 0.9578013095968898 0.31086679413639257 0.07641702475956592 0.15384887755824656
0 0.8270155514630653 0.28406274343176835 0.18825455289543688 0.15767296933644923
0 0.8502097401268671 0.4278556759436301 0.2868119500716186 0.18564549252885776
0 0.9398838755882954 0.5827136888322356 0.10046552076938813 0.14935202889313784
0 0.8015628197258031 0.552652078464698 0.19739615305913638 0.16578146023652715
0 0.8392700020462451 0.6967105729056017 0.28809085328422346 0.18093619432051541
0 0.9224319623490895 0.8651122441753417 0.09408635154491521 0.14138517102188233
0 0.769122160834868 0.8247114227037745 0.19248004910988345 0.1617095106578853
0 0.8076427255985267 0.9380001416330288 0.30450173930836905 0.12399971673394235
0 0.5267469817884183 0.11649316620635933 0.4078320032739921 0.19949012109623965
0 0.6004987722529158 0.25617874088237375 0.19526294250051165 0.1628071666312584
0 0.41017751176590955 0.23302174066992423 0.19621956210354 0.17527087316762266
0 0.5037011458972785 0.38568444161178383 0.4050951503990178 0.2327738828694852
0 0.3809034172293841 0.518642447418738 0.19532432985471657 0.16567523546491042
0 0.4767034990791897 0.6618511436867077 0.3971506036423164 0.21613200198286245
0 0.5494577450378555 0.8158416542737768 0.19248004910988345 0.16170951065788552
0 0.36302690812359323 0.7885772962254798 0.19518109269490488 0.15898307485305574
0 0.45056015960712087 0.9179767721832731 0.38759975445058326 0.16404645563345374
0 0.17308931860036833 0.0691700304511012 0.3029926335174954 0.13586148289781178
0 0.21173265807243707 0.20179165781460237 0.18845917740945367 0.167233198781956
0 0.06545938203396767 0.1718008639614758 0.10988847963986084 0.138375469159408
0 0.14710584202987517 0.33002266128461155 0.29421168405975034 0.17658097868422915
0 0.17388735420503376 0.4841016925146944 0.1794608144055658 0.16581686849373276
0 0.04606865152445262 0.4518978825862191 0.09213730304890524 0.15618582253381483
0 0.13294198895027623 0.6151299483039444 0.26588397790055246 0.1977551164931661
0 0.14726570493145077 0.7588520643013951 0.18057601800695722 0.15345938672898515
0 0.031197564968283197 0.7357127682175483 0.062395129936566394 0.13872955173146376
0 0.12244986699406588 0.8690425607251611 0.24489973398813175 0.1644713547199206
0 0.5671628811131574 0.5377629063097514 0.18951299365663998 0.15200764818355642