0 0.840625 0.09660034602076124 0.31458125 0.12975778546712802
0 0.925 0.23356401384083045 0.14583125 0.12687716262975776
0 0.76145625 0.23068339100346022 0.16041875 0.11533737024221455
0 0.83125 0.3561159169550173 0.325 0.12398788927335641
0 0.92291875 0.48154844290657434 0.15416875 0.12110726643598616
0 0.759375 0.4757785467128028 0.16875 0.12110726643598616
0 0.83958125 0.5997664359861592 0.32083125 0.12110726643598616
0 0.92708125 0.7381747404844291 0.14583125 0.11533737024221455
0 0.75104375 0.7251989619377163 0.16458124999999998 0.1182266435986159
0 0.83125 0.856401384083045 0.33333125 0.1384083044982699
0 0.47916875 0.11245674740484429 0.35833125000000005 0.14993944636678203
0 0.55625 0.24076989619377162 0.16666875 0.1182266435986159
0 0.38333125 0.24942041522491348 0.16666875 0.12975778546712802
0 0.47916875 0.3719723183391003 0.35416875 0.14993944636678203
0 0.37916875 0.5103806228373703 0.16666875 0.12110726643598616
0 0.47604375 0.6242820069204152 0.34791875 0.13552768166089965
0 0.553125 0.7511505190311419 0.16458124999999998 0.1182266435986159
0 0.38333125 0.7554757785467129 0.16666875 0.11533737024221455
0 0.47291875 0.8693771626297578 0.34166874999999997 0.11245674740484429
0 0.146875 0.1182266435986159 0.28541875 0.12110726643598616
0 0.203125 0.2523096885813149 0.16041875 0.12398788927335641
0 0.06041875 0.24798442906574397 0.10833125 0.10957612456747405
0 0.14270625 0.377742214532872 0.28125 0.11533737024221455
0 0.190625 0.5118252595155709 0.15208125 0.12398788927335641
0 0.05625 0.5046107266435986 0.10833125 0.12687716262975776
0 0.140625 0.6386937716262976 0.27708125 0.13552768166089965
0 0.1875 0.762690311418685 0.15416875 0.11245674740484429
0 0.05520625 0.762690311418685 0.10208125000000001 0.11245674740484429
0 0.14270625 0.8693771626297578 0.27708125 0.10668685121107266
0 0.54791875 0.4988494809688581 0.1625 0.10957612456747405