0 0.8018022043491212 0.10702432488146774 0.11478999106344935 0.21404864976293547
0 0.6970956210902591 0.10941214869786299 0.10294906166219833 0.21882429739572598
0 0.6000297885016385 0.11998900570329141 0.11145367887995226 0.23997801140658281
0 0.5072758415251714 0.11654641654641654 0.1080577896931784 0.23309283309283307
0 0.4121090259159964 0.11488352916924346 0.10875781948168006 0.22976705833848693
0 0.3138069705093834 0.12344877344877345 0.10583854632112 0.2468975468975469
0 0.2128686327077748 0.12783274926132068 0.12252010723860589 0.25566549852264137
0 0.7642612451593686 0.512025012025012 0.14660411081322625 0.5463890606747749
0 0.671589216562407 0.39928537071394216 0.10595770032767357 0.25934171648457355
0 0.6502978850163836 0.6562530062530062 0.11467083705689593 0.25996701710987435
0 0.5638367590110217 0.5166907166907166 0.1464253798033959 0.5408231979660553
0 0.44832439678284186 0.6675084175084176 0.10796842418826338 0.25948601662887366
0 0.3686252606493893 0.5256098398955542 0.1347036044086982 0.5298014155157013
0 0.2769436997319035 0.41326187040472756 0.10583854632112 0.2556311413454271
0 0.25915251712838844 0.6653507867793582 0.10324694667858209 0.258221672507387
0 0.1787607983318439 0.5346079846079846 0.11627941614536792 0.5182986325843467
0 0.7397825439380399 0.8682505325362467 0.10277033065236799 0.16008383151240282
0 0.6355153410783437 0.8771215556929843 0.10469168900804278 0.15744520030234327
0 0.5383899314864463 0.882240775097918 0.09810843014596363 0.16067477496048918
0 0.43385463211200476 0.8994605923177351 0.10351504319332731 0.14162715591287017
0 0.33675156389633604 0.8934721363292791 0.11349419124218055 0.1608534322820038
0 0.23972296693476317 0.905988455988456 0.09471254095918977 0.13821892393320964
0 0.15845993446529638 0.896086717515289 0.09143580577896931 0.1611214182642754
0 0.4717679475722371 0.41640211640211644 0.09901697944593388 0.2514395657252799