0 0.843080174857088 0.1645183852917666 0.14983907383388587 0.11447508659738877
0 0.7913340058605949 0.34121036504130037 0.1838593457270499 0.3351652011723954
0 0.7314214344045731 0.6481648014921397 0.18905221693807936 0.3506861177724488
0 0.6802949512417735 0.8962330135891287 0.1775760195993658 0.20753397282174266
0 0.7095570927607244 0.11800559552358114 0.15811596291492527 0.11131095123900879
0 0.6647331507902196 0.3000099920063949 0.2029399048854302 0.3576805222488676
0 0.5141807176826632 0.3021915800692779 0.19649325070855558 0.3582467359445776
0 0.4380746505260124 0.06035171862509992 0.162761204784551 0.0837330135891287
0 0.38726761781236485 0.22267186250999202 0.1992410049478792 0.36197708499866776
0 0.4523250228178892 0.6013855582200907 0.18794735072296678 0.3551159072741807
0 0.31581880194072154 0.03154143351985079 0.12452322620934814 0.03690381028510525
0 0.27451121679396645 0.1920963229416467 0.15128020367968478 0.32990274447108986
0 0.21704136042657446 0.4951205702104983 0.14651486765624247 0.3395283772981615
0 0.1664961329682471 0.795796695976552 0.14906086371715424 0.3082533972821743
0 0.41052264975740976 0.8663402611244339 0.18018446462026227 0.2673194777511323
0 0.324203775760196 0.5425326405542233 0.17489551808617956 0.3373967492672529
0 0.27798914348849496 0.8407274180655476 0.17595234663976558 0.30155875299760204
0 0.5718859585915357 0.10011990407673861 0.16751212950953556 0.14948041566746603
0 0.5756929432675217 0.7150945909938716 0.2433395782293317 0.5698108180122567