0 0.8885437500000001 0.12698701298701298 0.21041875000000002 0.1847012987012987
0 0.678125 0.15151515151515152 0.20625 0.17604329004329006
0 0.45833125 0.15584415584415584 0.21666875000000002 0.17893506493506492
0 0.234375 0.15006926406926407 0.21041875000000002 0.17316017316017315
0 0.89166875 0.3116883116883117 0.20833125 0.19625108225108223
0 0.678125 0.32612121212121215 0.21875 0.19625108225108223
0 0.64375 0.5209264069264069 0.22083124999999998 0.1875930735930736
0 0.88541875 0.6810995670995671 0.21666875000000002 0.20201731601731604
0 0.6697937500000001 0.7041818181818182 0.22291875 0.19047619047619047
0 0.42916875 0.5295844155844156 0.22083124999999998 0.17604329004329006
0 0.8885437500000001 0.8499307359307359 0.21458125 0.15296103896103894
0 0.665625 0.8585887445887446 0.21041875000000002 0.12987012987012986
0 0.44895625 0.860025974025974 0.21875 0.12121212121212122
0 0.22291875 0.8542597402597403 0.22083124999999998 0.13275324675324676
0 0.215625 0.5165974025974026 0.21041875000000002 0.17893506493506492
0 0.440625 0.70995670995671 0.21041875000000002 0.1616190476190476
0 0.2125 0.6984155844155844 0.21666875000000002 0.17316017316017315
0 0.865625 0.4949523809523809 0.21875 0.19913419913419914
0 0.34270625000000005 0.3333333333333333 0.44375 0.18181818181818182
0 0.06145625 0.14285714285714285 0.12291875 0.1875930735930736
0 0.06041875 0.3246753246753247 0.12083125 0.18181818181818182
0 0.053125 0.5093766233766234 0.10208125000000001 0.18181818181818182
0 0.05 0.6911948051948053 0.09166875 0.17027705627705628
0 0.05416875 0.8571428571428571 0.10416874999999999 0.15006926406926407