0 0.1265851851851852 0.07475183131375367 0.2214962962962963 0.14859998630793456
0 0.33787160493827156 0.10360443622920518 0.2389234567901235 0.1978982679537208
0 0.5702172839506173 0.1315020195796536 0.25199012345678995 0.22309851441089887
0 0.8075827160493827 0.1590401862120901 0.24438024691358018 0.21647840076675562
0 0.1084037037037037 0.23249811734100087 0.2168074074074074 0.2372698021496543
0 0.31869876543209874 0.2789655644553981 0.25548641975308645 0.24256178544533444
0 0.33298518518518516 0.4910898884096666 0.2570913580246914 0.23336071746422954
0 0.09323456790123456 0.6259806941877183 0.18646913580246913 0.24456767303347715
0 0.285120987654321 0.6820497021975765 0.2598765432098765 0.23618812897925662
0 0.5590913580246913 0.5322721982611076 0.255204938271605 0.22039433148490453
0 0.08018271604938272 0.8046381871705347 0.16036543209876544 0.1915314575203669
0 0.2720888888888889 0.846436639967139 0.2397382716049383 0.17021291161771757
0 0.5008246913580247 0.8807352639145615 0.2473827160493826 0.1620592866433901
0 0.7405234567901234 0.9083213527760662 0.25056296296296293 0.17412884233586634
0 0.7861654320987654 0.5508112548777983 0.2453234567901233 0.22296159375641822
0 0.5266 0.7226227151365783 0.24319999999999997 0.20444992127062372
0 0.768888888888889 0.7442493325118095 0.2510469135802469 0.21661532142123635
0 0.1147753086419753 0.4294790169097008 0.2295506172839506 0.24527966043677688
0 0.6721925925925926 0.33710207434791534 0.4947061728395062 0.2604025467241733
0 0.9567160493827159 0.17459094954473883 0.08222222222222202 0.20945437119189428
0 0.9434592592592592 0.3676490723625659 0.09206419753086417 0.20596289450263572
0 0.9376913580246913 0.5650236188128979 0.08661234567901253 0.2030807147258164
0 0.9241012345679013 0.7580748955980009 0.08139259259259264 0.19004586841925097
0 0.8999086419753086 0.9244180872184569 0.09052345679012341 0.15116382556308625