0 0.8288540677429567 0.6321699905033238 0.3093700538144981 0.6087844254510921
0 0.6596866096866097 0.6024928774928774 0.30386198163975936 0.6849477682811016
0 0.4797245963912631 0.522673314339981 0.29430199430199433 0.6585470085470086
0 0.3096866096866097 0.4611348528015195 0.3073757518201963 0.666096866096866
0 0.14829851218740106 0.42203228869895537 0.2965970243748021 0.660446343779677
0 0.9157169990503323 0.15814339981006648 0.15641025641025652 0.18637226970560306
0 0.8906774295663185 0.252991452991453 0.18129154795821462 0.1694207027540361
0 0.789917695473251 0.10864197530864199 0.17777777777777787 0.18827160493827158
0 0.7452674897119341 0.21481481481481482 0.15967078189300413 0.16111111111111115
0 0.6406141183918962 0.07117758784425451 0.17249129471351696 0.14235517568850903
0 0.490804051915163 0.052089268755935426 0.1636910414688193 0.10417853751187085
0 0.3440012662234884 0.042901234567901236 0.1752453308008864 0.08580246913580247
0 0.617837923393479 0.15268281101614437 0.15061728395061738 0.1475308641975309
0 0.48700538144982586 0.12279202279202281 0.14105729661285218 0.12113010446343782
0 0.35177271288382395 0.09648622981956316 0.15036403925292804 0.14112060778727445