0 0.5048241518829755 0.11833098921706517 0.4046062869592282 0.1894045944678856
0 0.5009959539371305 0.2505860290670417 0.4473700591347651 0.4578527894983591
0 0.4833800186741363 0.5300984528832631 0.43432928727046377 0.4442100328176278
0 0.4567071272953625 0.7775199249882794 0.4394024276377218 0.44496015002344125
0 0.4255680049797697 0.8971167369901547 0.3941798941798943 0.20576652601969064
0 0.8456738250855897 0.22069854664791372 0.08730158730158752 0.1015002344116268
0 0.7780112044817928 0.20278949835911864 0.08397136632430745 0.12648851383028592
0 0.8376439464674759 0.35262541022034694 0.12657952069716769 0.26868260665729016
0 0.7579209461562403 0.3495546179090483 0.10868347338935577 0.23572433192686354
0 0.8096638655462184 0.5745194561650259 0.10955493308434486 0.2610407876230661
0 0.7773731714908186 0.792920768870136 0.11310301898537213 0.24238162212845762
0 0.7372549019607844 0.9366619784341303 0.12374727668845324 0.1266760431317394
0 0.7481948334889511 0.5539381153305204 0.10006224712107074 0.2287388654477262
0 0.7191254279489574 0.7441865916549462 0.08260192966075325 0.20843881856540086
0 0.6838624338624337 0.913033286451008 0.09564270152505464 0.17393342709798396