0 0.8504405286343613 0.2642763909283733 0.2744167074563548 0.19424049600261056
0 0.7043237069668787 0.17482460434002287 0.2898841572850384 0.2019905367922989
0 0.42837330722793276 0.26027900146842875 0.2964757709251102 0.20027736988089412
0 0.5953336596508403 0.33716756403981074 0.2831620166421928 0.18608255832925433
0 0.32807962147169195 0.406550823951705 0.283210964268233 0.19269048784467283
0 0.10593082068852994 0.46598139990210474 0.20605318975363027 0.17816935878609894
0 0.2689100995268396 0.15418502202643172 0.3120900636319139 0.22785119921683802
0 0.15000815793767336 0.31726219611682166 0.29425681187795727 0.19791156795562082
0 0.5537281775167239 0.09410181106216349 0.30106053189753623 0.18820362212432698
0 0.2351851851851852 0.8079213574808288 0.38981889378365153 0.3194648392886279
0 0.5289688366780878 0.6010360580845162 0.3548866046663403 0.358704519497471