0 0.5008719481813652 0.9052732104301611 0.17234678624813154 0.18945357913967792
0 0.6392874937717988 0.8474838066766317 0.19691081215744904 0.2964457731273876
0 0.6613353263577479 0.5621242318551736 0.19496761335326349 0.3031390134529149
0 0.5235176880916791 0.6878010297292808 0.18091679123069254 0.2894867962132536
0 0.5573243647234678 0.4149393788407241 0.18764324862979567 0.2895864474339811
0 0.5892874937717987 0.15101312074406248 0.18978574987543592 0.28737751204118916
0 0.8234429496761336 0.45361235675137024 0.22257100149476827 0.3192326856003985
0 0.7105879422022919 0.2838897193157283 0.19262580966616852 0.3008636439129712
0 0.791604384653712 0.7455489121408404 0.2198305929247634 0.3079887061949841
0 0.20226706527154958 0.19009300780601232 0.3148480318883906 0.37885733266899185
0 0.29242650722471347 0.5297708021923269 0.3545092177379172 0.3637601727287825