0 0.8426 0.5919277108433735 0.2 0.565722891566265
0 0.6634800000000001 0.565722891566265 0.17912 0.5709638554216867
0 0.48348 0.5356024096385542 0.17044 0.5526506024096385
0 0.3148 0.5198795180722892 0.18784 0.5526506024096385
0 0.15044 0.5264457831325301 0.19652 0.539578313253012
0 0.84784 0.09951807228915663 0.17564 0.11000000000000001
0 0.81828 0.19512048192771084 0.15131999999999998 0.0969277108433735
0 0.6974 0.0877710843373494 0.14956 0.11265060240963855
0 0.67564 0.19512048192771084 0.13044 0.0969277108433735
0 0.55216 0.07987951807228916 0.14784 0.09168674698795182
0 0.40868 0.08120481927710843 0.13563999999999998 0.10475903614457832
0 0.26436000000000004 0.0877710843373494 0.14956 0.11265060240963855
0 0.54696 0.16765060240963855 0.12696 0.08379518072289156
0 0.42088 0.17289156626506025 0.12172 0.06807228915662651
0 0.29044 0.17939759036144579 0.12868000000000002 0.07596385542168674