0 0.5186250409701738 0.2339806620780072 0.8336283185840708 0.36450344149459196
0 0.23412815470337595 0.39888561127499184 0.4682563094067519 0.29777122254998367
0 0.7322926909210095 0.4911504424778761 0.5156178302196003 0.3068502130449033
0 0.49624713208784005 0.6531547033759423 0.7529334644378891 0.3285152409046213
0 0.059685349065880036 0.5591199606686332 0.11937069813176007 0.21558505408062933
0 0.9130367092756474 0.7392248443133399 0.10129465748934763 0.2086692887577844
0 0.10758767617174697 0.7563995411340544 0.21517535234349394 0.20748934775483435
0 0.28385775155686666 0.8009505080301541 0.2318911832186168 0.21184857423795458
0 0.4731071779744346 0.8366519174041297 0.21178302196001314 0.20506391347099306
0 0.659070796460177 0.8712225499836119 0.23625040970173708 0.20966896099639473
0 0.8316617502458211 0.905514585381842 0.17833497214028193 0.18897082923631595