0 0.7521578099838969 0.5311835748792271 0.2712721417069242 0.7968115942028985
0 0.5591867954911434 0.25280193236714976 0.24684380032206116 0.48560386473429956
0 0.5263043478260869 0.7678502415458938 0.2466505636070853 0.4642995169082126
0 0.3409581320450886 0.5699033816425121 0.2429951690821256 0.7223188405797101
0 0.37904186795491146 0.09217391304347826 0.20278582930756844 0.17178743961352658
0 0.3059581320450886 0.9765217391304347 0.20148148148148146 0.04695652173913049
0 0.19330917874396136 0.19355072463768117 0.18239935587761677 0.21695652173913046
0 0.17242351046698873 0.3845169082125604 0.18853462157809986 0.20405797101449277
0 0.15917874396135268 0.5745652173913044 0.18367149758454104 0.18657004830917867
0 0.14718196457326893 0.7592028985507246 0.18655394524959742 0.21053140096618356
0 0.13029790660225443 0.9252415458937198 0.17995169082125603 0.13434782608695642