0 0.7067391304347826 0.5932481153720092 0.3908373590982286 0.7277122254998359
0 0.3959903381642512 0.5864880367092757 0.31753623188405794 0.6583087512291051
0 0.14656199677938805 0.5765732546705997 0.28093397745571663 0.5872664700098329
0 0.02145330112721417 0.5610045886594559 0.04290660225442834 0.5418715175352342
0 0.8041143317230273 0.1583906915765323 0.24903381642512099 0.15093411996066863
0 0.46267310789049915 0.15376106194690264 0.1435265700483092 0.12315634218289088
0 0.20063607085346216 0.17289413307112422 0.124975845410628 0.10193379219927894
0 0.6066022544283414 0.1568338249754179 0.1692753623188406 0.23082595870206485
0 0.33024959742351045 0.15933300557194363 0.15254428341384865 0.278023598820059
0 0.035736714975845414 0.15253195673549655 0.07147342995169083 0.25680104883644705
0 0.4314975845410628 0.9671828908554572 0.19684380032206114 0.06563421828908571
0 0.20873590982286636 0.07128810226155359 0.13035426731078906 0.11996066863323498
0 0.9345652173913043 0.430432645034415 0.1078582930756842 0.4398557849885284