0 0.49626 0.26859470468431773 0.6275 0.3182281059063136
0 0.5162599999999999 0.5588187372708757 0.5725 0.2520366598778004
0 0.5275 0.7917515274949084 0.51 0.2240325865580448
0 0.5275 0.9534215885947047 0.485 0.08910386965376782
0 0.0975 0.20875763747454176 0.115 0.2240325865580448
0 0.1225 0.5269857433808554 0.1 0.12729124236252545
0 0.16126 0.770122199592668 0.0825 0.1094704684317719
0 0.10626000000000001 0.39460285132382894 0.2075 0.1425661914460285
0 0.1325 0.6504684317718941 0.25 0.12474541751527495
0 0.15625999999999998 0.9495926680244399 0.2275 0.09674134419551934
0 0.91626 0.4989816700610998 0.1625 0.17820773930753564
0 0.06876 0.770122199592668 0.0975 0.11456211812627291
0 0.3325 0.054745417515274945 0.39 0.09928716904276985