0 0.2620493827160494 0.5048232323232323 0.44523456790123456 0.775016835016835
0 0.5729135802469136 0.5507659932659932 0.3658765432098765 0.6981649831649832
0 0.823037037037037 0.5829040404040403 0.3242962962962964 0.6233164983164983
0 0.26069135802469134 0.06691919191919192 0.2608395061728395 0.13383838383838384
0 0.6015555555555555 0.1009006734006734 0.15392592592592588 0.13755892255892258
0 0.8576543209876544 0.16450336700336698 0.1334320987654322 0.11377104377104376
0 0.4564691358024691 0.10158249158249158 0.18483950617283956 0.20316498316498316
0 0.7319506172839506 0.13895622895622894 0.17303703703703704 0.2779124579124579
0 0.9884938271604937 0.170050505050505 0.018962962962962897 0.2597979797979798
0 0.45024691358024693 0.9352441077441077 0.20172839506172838 0.09015151515151507
0 0.8721481481481482 0.06273148148148149 0.14049382716049372 0.12546296296296297
0 0.07079012345679012 0.30173400673400674 0.14158024691358023 0.4573063973063973