0 0.7305555555555555 0.5885185185185186 0.4455555555555555 0.21425925925925923
0 0.7672222222222221 0.3013888888888889 0.43074074074074087 0.17222222222222225
0 0.7520370370370371 0.4408796296296296 0.43111111111111117 0.17638888888888882
0 0.31148148148148147 0.41365740740740736 0.21851851851851858 0.27731481481481474
0 0.0937037037037037 0.46023148148148146 0.1874074074074074 0.2606481481481481
0 0.7542592592592592 0.872037037037037 0.29111111111111104 0.2559259259259259
0 0.2151851851851852 0.8387962962962964 0.38666666666666666 0.17490740740740734
0 0.42462962962962963 0.9475 0.32703703703703707 0.10499999999999995
0 0.7825925925925926 0.09712962962962962 0.38370370370370366 0.14157407407407405
0 0.4388888888888889 0.14 0.28296296296296297 0.25453703703703706
0 0.08851851851851852 0.19708333333333333 0.17703703703703705 0.25138888888888894
0 0.6140740740740741 0.8019444444444445 0.2729629629629629 0.26666666666666666
0 0.13212962962962962 0.967824074074074 0.26425925925925925 0.06435185185185191
0 0.21333333333333332 0.1700925925925926 0.2762962962962963 0.24185185185185187
0 0.3927777777777778 0.7214351851851852 0.1974074074074074 0.22675925925925924