0 0.24912371134020617 0.5276833976833977 0.38144329896907214 0.16474903474903477
0 0.25943298969072165 0.25996138996138995 0.38829896907216493 0.1286872586872587
0 0.25427835051546394 0.38996138996138996 0.37798969072164945 0.13127413127413126
0 0.6649484536082474 0.4002702702702703 0.16149484536082473 0.24451737451737451
0 0.8711340206185567 0.46204633204633205 0.16149484536082473 0.22907335907335907
0 0.17871134020618556 0.7966409266409267 0.2268041237113402 0.24451737451737451
0 0.6838659793814432 0.7966409266409267 0.33675257731958763 0.1364092664092664
0 0.4690721649484536 0.9201930501930502 0.2852061855670103 0.1415830115830116
0 0.28865979381443296 0.06177606177606178 0.33675257731958763 0.12355212355212356
0 0.5927835051546392 0.138996138996139 0.22335051546391751 0.21621621621621623
0 0.9209793814432989 0.22007722007722008 0.14432989690721648 0.2188030888030888
0 0.32128865979381444 0.7323166023166022 0.20963917525773196 0.22907335907335907
0 0.7474226804123711 0.9498069498069498 0.25087628865979383 0.08752895752895754
0 0.7955154639175258 0.18405405405405406 0.21649484536082475 0.20335907335907336
0 0.5395360824742268 0.6756756756756757 0.15118556701030927 0.1981853281853282