0 0.4171439480717831 0.6953381953381954 0.25677739595265364 0.2988130988130987
0 0.7725276823214968 0.709023309023309 0.20542191676212293 0.3015301015301014
0 0.599942726231386 0.7032604032604033 0.2101947308132875 0.29392249392249387
0 0.622852233676976 0.3964821964821965 0.34154257350133627 0.1387101387101387
0 0.5610920198549065 0.23663663663663664 0.3209240168003055 0.13825253825253822
0 0.11063382970599465 0.7267410267410268 0.2212676594119893 0.18707278707278716
0 0.10027682321496754 0.35000715000715005 0.2005536464299351 0.263034463034463
0 0.895475372279496 0.4663091663091663 0.17353951890034344 0.17740597740597747
0 0.8613020236731577 0.21817531817531818 0.2636502481863307 0.1254111254111254
0 0.15683466972126764 0.6256828256828256 0.3136693394425353 0.1768625768625767
0 0.8823978617793051 0.3133419133419133 0.21458571974035887 0.17446017446017448
0 0.24522718594883544 0.46733876733876734 0.27415043909889275 0.1295009295009294