0 0.5933333333333334 0.3125 0.5133333333333333 0.185
0 0.57168 0.56126 0.53 0.2175
0 0.5533333333333333 0.7725 0.54 0.215
0 0.13666666666666666 0.46126 0.25333333333333335 0.0875
0 0.13 0.5475 0.25333333333333335 0.09
0 0.13168000000000002 0.63376 0.25 0.0925
0 0.12333333333333334 0.72376 0.23333333333333334 0.0975
0 0.10834666666666667 0.81876 0.20333333333333334 0.0925
0 0.10834666666666667 0.90876 0.21666666666666667 0.0875
0 0.13666666666666666 0.295 0.26 0.125
0 0.13501333333333335 0.1875 0.2633333333333333 0.085