0 0.3893115942028985 0.32226738934056004 0.5827898550724638 0.26743450767841015
0 0.4967391304347826 0.5657633242999096 0.6132246376811593 0.3044715447154471
0 0.5885869565217391 0.7718608852755193 0.621376811594203 0.30460704607046074
0 0.8748188405797102 0.3943089430894309 0.2503623188405797 0.12854561878952128
0 0.8914855072463768 0.47940379403794037 0.2170289855072464 0.13026196928635944
0 0.907518115942029 0.5665989159891599 0.18496376811594187 0.13392050587172544
0 0.9304347826086956 0.6546973803071363 0.1391304347826088 0.13532068654019874
0 0.9633152173913043 0.7456865401987353 0.07336956521739131 0.12217705510388432
0 0.9755434782608695 0.8359981933152665 0.04891304347826087 0.11987353206865421
0 0.8315217391304348 0.2304426377597109 0.3023550724637681 0.165356820234869
0 0.7948369565217391 0.1241869918699187 0.2882246376811596 0.12859078590785908