0 0.3606603313840156 0.799654739485248 0.06342592592592591 0.2528562460765849
0 0.37807626705653025 0.5489014438166981 0.07156432748538004 0.2506591337099812
0 0.4068530701754386 0.07448210922787193 0.06458333333333331 0.14896421845574387
0 0.3977461013645224 0.8757376020087884 0.056189083820662795 0.17620841180163202
0 0.4178667153996101 0.6712806026365348 0.06325536062378172 0.24720652856246095
0 0.4336379142300195 0.42065285624607657 0.06359649122807011 0.2585059635907094
0 0.44719785575048726 0.16173885750156938 0.06203703703703704 0.26120527306967983
0 0.45790082846003904 0.015850596359070934 0.04801413255360611 0.03170119271814187
0 0.4527777777777778 0.81939736346516 0.0633406432748539 0.2500313873195228
0 0.47261817738791423 0.5698681732580038 0.06368177387914231 0.2613308223477714
0 0.4859222709551657 0.31942875078468297 0.06671539961013644 0.25310734463276835
0 0.49810550682261207 0.09915254237288136 0.06299951267056532 0.19830508474576272
0 0.4934941520467837 0.8839296924042688 0.06052631578947361 0.15681104833647225
0 0.5092044346978557 0.6896735718769618 0.0687012670565301 0.26453232893910844
0 0.5274000974658869 0.44026993094789707 0.06351120857699792 0.25568110483364725
0 0.5424768518518518 0.18546767106089138 0.06532651072124757 0.2614563716258632
0 0.5519615009746589 0.02793471437539234 0.057090643274853796 0.05586942875078468
0 0.5463145711500974 0.8193032015065913 0.061695906432748644 0.24990583804143127
0 0.56619761208577 0.5683615819209039 0.06203703703703704 0.26120527306967994
0 0.5820540935672515 0.3149089767733836 0.06490009746588679 0.2473320778405524
0 0.5948464912280701 0.10106716886377903 0.06144005847953225 0.20213433772755807
0 0.5895406920077972 0.8822347771500314 0.05854044834307995 0.1453860640301319
0 0.6020041423001948 0.6868173258003766 0.06186647173489266 0.25555555555555565
0 0.6217592592592593 0.4401129943502825 0.06342592592592591 0.25285624607658497
0 0.6383101851851852 0.19083490269930947 0.06498538011695917 0.2501569365976145
0 0.6461074561403509 0.03270558694287508 0.05232699805068221 0.06541117388575016
0 0.6394675925925926 0.8319209039548022 0.06628898635477586 0.2389830508474577
0 0.6558905945419103 0.5868801004394224 0.06178118908382065 0.25273069679849347
0 0.6733491715399611 0.3347143753923415 0.06186647173489266 0.25555555555555554
0 0.6905092592592592 0.11016949152542373 0.06515594541910319 0.22033898305084745
0 0.6822124756335283 0.8836158192090395 0.06296296296296296 0.12881355932203395
0 0.6960648148148149 0.6965473948524796 0.06334064327485373 0.2500313873195228
0 0.7126157407407407 0.44726930320150654 0.06680068226120864 0.2559322033898305
0 0.7302448830409357 0.1894538606403013 0.06688596491228065 0.2587570621468927
0 0.7452302631578948 0.036001255492780916 0.054057017543859665 0.07200251098556183