0 0.7946340538490709 0.10188034188034188 0.144520288206295 0.10689458689458692
0 0.8247250663632916 0.21179487179487178 0.15912021236253332 0.19743589743589743
0 0.8730754645430413 0.3691737891737892 0.15858930602957896 0.1794871794871795
0 0.9125331816458095 0.5092592592592593 0.15430413348502084 0.20735042735042736
0 0.6434395145999241 0.12646723646723648 0.14656806977626094 0.17612535612535615
0 0.684376185058779 0.2743589743589744 0.1648464163822524 0.21829059829059827
0 0.7329920364050057 0.4227635327635328 0.14376185058778929 0.19641025641025645
0 0.7534508911642017 0.5692877492877493 0.16640121350018972 0.2132763532763532
0 0.6411073189230185 0.8122792022792023 0.12942737959802805 0.2875783475783476
0 0.4556503602578688 0.9078917378917379 0.19044368600682599 0.18421652421652418
0 0.2683921122487675 0.9424501424501425 0.20345089116420176 0.11509971509971516
0 0.10113765642775882 0.9672079772079772 0.15221843003412971 0.0655840455840456
0 0.4167804323094425 0.7369230769230769 0.19074706105422828 0.23025641025641022
0 0.24197952218430036 0.7792022792022792 0.2019719378081153 0.2642735042735042
0 0.08274554417899127 0.8443589743589743 0.16469472885855138 0.21316239316239313
0 0.07699089874857792 0.6505698005698006 0.15398179749715585 0.23179487179487174
0 0.24410314751611675 0.5917948717948718 0.19533560864618887 0.21264957264957252
0 0.2121539628365567 0.42908831908831907 0.18323852863102014 0.2067236467236468
0 0.05864618885096701 0.4606837606837607 0.11729237770193401 0.1982905982905984
0 0.3998483124762988 0.528974358974359 0.16461888509670075 0.21059829059829058
0 0.17957906712172925 0.2586324786324787 0.1909745923397801 0.23794871794871797
0 0.0531095942358741 0.2754985754985755 0.1062191884717482 0.23304843304843303
0 0.35894956389836935 0.2063817663817664 0.1649981039059537 0.2234188034188034
0 0.3840348881304513 0.3699145299145299 0.16594615092908613 0.19789173789173792
0 0.5286120591581343 0.3089173789173789 0.16037163443306784 0.18216524216524219
0 0.5533750474023511 0.4544444444444445 0.1574137277208949 0.19732193732193723
0 0.6036594615092908 0.6042450142450143 0.15153583617747432 0.17133903133903128
0 0.4933826317785363 0.17039886039886037 0.1540007584376186 0.1970940170940171