0 0.016292285064848245 0.8093297101449276 0.03258457012969649 0.0769927536231882
0 0.0834336141195347 0.8036231884057972 0.09494584837545125 0.08260869565217385
0 0.1970985425859072 0.7935688405797101 0.09505281454739936 0.08532608695652198
0 0.29430405134376253 0.7905797101449276 0.09324776039577486 0.08514492753623198
0 0.38822035031421315 0.7798007246376812 0.08772563176895311 0.08188405797101478
0 0.5013571333065917 0.7603260869565218 0.09346169273967112 0.09057971014492763
0 0.5933079288674957 0.7538043478260869 0.08942371974862966 0.07934782608695665
0 0.6824976601149886 0.7489130434782609 0.0948388822035033 0.07989130434782633
0 0.8044457815215939 0.7339673913043478 0.09675090252707585 0.08278985507246377
0 0.9026073004412354 0.7295289855072464 0.09303382805187856 0.0797101449275361
0 0.020443909613584704 0.7343297101449275 0.04088781922716941 0.07481884057971007
0 0.08552613985826983 0.7276268115942028 0.0966439363551277 0.08007246376811603
0 0.19828854124883005 0.7176630434782609 0.09494584837545131 0.08260869565217385
0 0.2983085974060703 0.7116847826086956 0.0876186655970049 0.07916666666666665
0 0.3957815215937959 0.7019021739130435 0.09685786869902385 0.08550724637681167
0 0.5026006150554887 0.6830615942028986 0.09314079422382676 0.08242753623188416
0 0.6024067388688328 0.6825181159420289 0.09314079422382676 0.08242753623188401
0 0.6936154566118465 0.6720108695652174 0.09090787538440959 0.07137681159420285
0 0.8126420644471186 0.6627717391304347 0.08602754378927656 0.08442028985507245
0 0.9173886883273165 0.6509057971014492 0.09260596336408593 0.06884057971014487
0 0.025498061238133442 0.6633152173913043 0.050996122476266885 0.08097826086956525
0 0.11639256585104961 0.6514492753623189 0.10046797700227306 0.08586956521739136
0 0.20664527343227704 0.6423913043478261 0.08963765209252571 0.08478260869565214
0 0.3004546062307796 0.6343297101449276 0.09314079422382676 0.08242753623188401
0 0.39888354058029146 0.6230978260869565 0.09664393635512765 0.08007246376811603
0 0.5072402727637385 0.6108695652173913 0.09281989570798234 0.07427536231884069
0 0.6019521326380532 0.6027173913043479 0.09685786869902385 0.08550724637681167
0 0.70367027677497 0.5992753623188406 0.08942371974862966 0.0793478260869565
0 0.8182912154031289 0.5877717391304348 0.08942371974862966 0.07934782608695665
0 0.9175691937424789 0.5778079710144928 0.08220350314213126 0.07862318840579711
0 0.029756651958818027 0.5855978260869565 0.059513303917636054 0.08423913043478261
0 0.11487498328653563 0.5758152173913044 0.08920978740473325 0.07391304347826085
0 0.21234790747426127 0.5660326086956522 0.09515978071934751 0.0880434782608695
0 0.30881133841422653 0.5590579710144928 0.08793956411284931 0.08731884057971012
0 0.4079288674956545 0.5531702898550724 0.10046797700227295 0.08586956521739136
0 0.7108570664527343 0.5308876811594203 0.0877256317689529 0.08188405797101447
0 0.8228239069394304 0.5182971014492754 0.08910282123278504 0.07119565217391317
0 0.9168471720818291 0.5048007246376811 0.08942371974862945 0.07934782608695665
0 0.7039243214333467 0.4557971014492754 0.0874047332531087 0.073731884057971
0 0.8104225163791952 0.4451086956521739 0.0985559566787002 0.08297101449275354
0 0.9062508356732183 0.4314311594202898 0.09303382805187875 0.07971014492753634
0 0.41023532557828585 0.47173913043478266 0.0950528145473993 0.08532608695652168
0 0.026741542987030353 0.5099637681159421 0.05348308597406071 0.08333333333333323
0 0.11425992779783394 0.5000905797101449 0.0931407942238267 0.08242753623188401
0 0.22431474796095735 0.49039855072463767 0.08039844899050676 0.07844202898550727
0 0.3146209386281589 0.479981884057971 0.08920978740473325 0.073913043478261
0 0.02563845433881535 0.4314311594202898 0.0512769086776307 0.0882246376811595
0 0.11523599411686054 0.4296195652173913 0.08985158443642197 0.09021739130434779
0 0.21191335740072204 0.4172101449275362 0.09451798368765879 0.07173913043478254
0 0.30577617328519857 0.40778985507246374 0.09324776039577486 0.08514492753623198
0 0.41859205776173286 0.39646739130434777 0.0948388822035032 0.07989130434782603
0 0.7121740874448456 0.3832427536231884 0.0801845166466105 0.07300724637681162
0 0.8087444845567588 0.3735507246376812 0.09281989570798234 0.07427536231884053
0 0.9089784730578955 0.36213768115942024 0.08942371974862945 0.0793478260869566
0 0.7631100414493917 0.2996376811594203 0.18562642064447116 0.10253623188405793
0 0.9066653295895174 0.2838768115942029 0.0950528145473993 0.08532608695652168
0 0.5682511030886482 0.3855072463768116 0.2016579756651959 0.09873188405797097
0 0.9067388688327317 0.2134963768115942 0.09675090252707565 0.08278985507246377
0 0.26805054151624547 0.33849637681159417 0.1943307928867496 0.09528985507246376
0 0.07741008156170612 0.35434782608695653 0.15482016312341224 0.0793478260869565
0 0.618338013103356 0.30063405797101445 0.0948388822035031 0.07989130434782603
0 0.08081962829255247 0.2821557971014493 0.16163925658510495 0.09873188405797097
0 0.2665329589517315 0.2628623188405797 0.1996389891696751 0.09311594202898554
0 0.7643535231982885 0.22237318840579712 0.18891563043187584 0.09474637681159423
0 0.08231715469982617 0.2019927536231884 0.16463430939965235 0.09057971014492756
0 0.42375317555822967 0.1740036231884058 0.10418505147747026 0.08894927536231886
0 0.5185720016044926 0.1631340579710145 0.09664393635512765 0.08007246376811594
0 0.615777510362348 0.16014492753623188 0.0948388822035031 0.07989130434782607
0 0.7103289209787405 0.15606884057971013 0.0950528145473993 0.08532608695652172
0 0.811251504211793 0.15 0.09281989570798234 0.0742753623188406
0 0.9114854927129294 0.13858695652173914 0.08910282123278504 0.07119565217391301
0 0.6212260997459553 0.2272644927536232 0.09823505816285599 0.07481884057971014
0 0.42447519721887955 0.2470108695652174 0.09823505816285599 0.07481884057971022
0 0.5175424521994919 0.23496376811594202 0.0948388822035031 0.0798913043478261
0 0.46331728840754116 0.3107789855072464 0.19433079288674954 0.09528985507246376
0 0.5597138654900388 0.5338768115942029 0.19963898916967512 0.09311594202898546
0 0.5570263404198422 0.4651268115942029 0.19422382671480148 0.09257246376811593
0 0.2678834068725765 0.18288043478260868 0.19072068458350042 0.09492753623188407
0 0.2660048134777377 0.07074275362318841 0.10768819360877124 0.08659420289855073
0 0.7950260730044124 0.08260869565217392 0.07115924588848775 0.07210144927536233
0 0.4552012301109774 0.1058876811594203 0.16852520390426529 0.07916666666666665
0 0.6412822569862281 0.08315217391304348 0.13487097205508758 0.09202898550724636
0 0.17718277844631636 0.0891304347826087 0.07466238801978875 0.0697463768115942
0 0.32704238534563446 0.11875000000000001 0.0845300173820029 0.046376811594202885
0 0.24114186388554623 0.13143115942028985 0.07730980077550473 0.04565217391304347