0 0.903235294117647 0.7856862745098039 0.07444444444444445 0.0626470588235294
0 0.8188071895424837 0.7870343137254903 0.08351307189542484 0.06536764705882353
0 0.7153267973856209 0.7884068627450981 0.08351307189542484 0.06808823529411764
0 0.6272712418300653 0.7938480392156863 0.08169934640522876 0.06808823529411764
0 0.542843137254902 0.7924754901960784 0.07625816993464053 0.06536764705882353
0 0.44026143790849676 0.7856862745098039 0.08169934640522876 0.07352941176470588
0 0.3567483660130719 0.7884068627450981 0.0780718954248366 0.0626470588235294
0 0.2759640522875817 0.791127450980392 0.08351307189542484 0.0626470588235294
0 0.16612745098039217 0.7897549019607844 0.08532679738562092 0.06536764705882353
0 0.07715686274509803 0.7938480392156863 0.08169934640522876 0.0626470588235294
0 0.9023202614379086 0.7175980392156862 0.07988562091503268 0.0626470588235294
0 0.8197222222222222 0.7175980392156862 0.08532679738562092 0.0626470588235294
0 0.717140522875817 0.7189460784313725 0.08351307189542484 0.06536764705882353
0 0.6263562091503267 0.7230392156862745 0.07625816993464053 0.0626470588235294
0 0.5383006535947712 0.7230392156862745 0.08532679738562092 0.06808823529411764
0 0.44209150326797386 0.7162254901960785 0.08169934640522876 0.06536764705882353
0 0.35130718954248363 0.7244117647058823 0.08169934640522876 0.06536764705882353
0 0.26869281045751636 0.7230392156862745 0.07988562091503268 0.0571813725490196
0 0.16066993464052287 0.7257598039215687 0.07444444444444445 0.06808823529411764
0 0.06627450980392158 0.7244117647058823 0.08169934640522876 0.05446078431372549
0 0.8950653594771242 0.6536029411764707 0.07988562091503268 0.06536764705882353
0 0.794297385620915 0.6522303921568627 0.08895424836601307 0.06808823529411764
0 0.7125980392156863 0.6522303921568627 0.0780718954248366 0.06808823529411764
0 0.6272712418300653 0.6536029411764707 0.08169934640522876 0.06536764705882353
0 0.5383006535947712 0.6522303921568627 0.08532679738562092 0.0626470588235294
0 0.44026143790849676 0.6508823529411765 0.08169934640522876 0.05990196078431373
0 0.3549346405228758 0.6522303921568627 0.08532679738562092 0.06808823529411764
0 0.26235294117647057 0.6576715686274509 0.0780718954248366 0.0626470588235294
0 0.1588562091503268 0.6576715686274509 0.0780718954248366 0.0626470588235294
0 0.06898692810457516 0.6576715686274509 0.07261437908496732 0.0626470588235294
0 0.891437908496732 0.5841421568627452 0.08351307189542484 0.06808823529411764
0 0.7979248366013072 0.5827941176470588 0.0780718954248366 0.05990196078431373
0 0.7098692810457516 0.5827941176470588 0.08351307189542484 0.07080882352941177
0 0.6227287581699347 0.5855147058823529 0.07625816993464053 0.07080882352941177
0 0.532859477124183 0.5896078431372549 0.08895424836601307 0.06808823529411764
0 0.25781045751633985 0.5963970588235294 0.07625816993464053 0.06536764705882353
0 0.1570424836601307 0.5950490196078432 0.0780718954248366 0.0571813725490196
0 0.0717156862745098 0.592328431372549 0.0780718954248366 0.0626470588235294
0 0.26687908496732027 0.5283333333333333 0.07625816993464053 0.05990196078431373
0 0.17065359477124184 0.5283333333333333 0.08714052287581699 0.06536764705882353
0 0.0844281045751634 0.5242401960784313 0.08169934640522876 0.0626470588235294
0 0.5337745098039216 0.516078431372549 0.08351307189542484 0.06808823529411764
0 0.8996078431372548 0.516078431372549 0.08169934640522876 0.06808823529411764
0 0.8015686274509803 0.5147058823529411 0.08169934640522876 0.06536764705882353
0 0.7016993464052288 0.516078431372549 0.07080065359477124 0.0626470588235294
0 0.62 0.5147058823529411 0.0780718954248366 0.05990196078431373
0 0.9050490196078431 0.44526960784313724 0.08169934640522876 0.07352941176470588
0 0.8033823529411765 0.45071078431372547 0.0780718954248366 0.07352941176470588
0 0.7153267973856209 0.4479901960784314 0.08351307189542484 0.0571813725490196
0 0.6308986928104575 0.4479901960784314 0.08169934640522876 0.06808823529411764
0 0.5283169934640523 0.4479901960784314 0.08351307189542484 0.0626470588235294
0 0.26235294117647057 0.4629656862745098 0.07080065359477124 0.05990196078431373
0 0.17519607843137255 0.4629656862745098 0.08169934640522876 0.05990196078431373
0 0.0844281045751634 0.461593137254902 0.0780718954248366 0.0626470588235294
0 0.21877450980392155 0.39215686274509803 0.16521241830065359 0.07625
0 0.08895424836601307 0.3907843137254902 0.08351307189542484 0.06808823529411764
0 0.3930718954248366 0.45205882352941174 0.17973856209150327 0.07080882352941177
0 0.09168300653594771 0.32678921568627456 0.08532679738562092 0.06536764705882353
0 0.6672058823529412 0.38262254901960785 0.17248366013071895 0.06808823529411764
0 0.8542156862745097 0.3799019607843137 0.16521241830065359 0.0571813725490196
0 0.3503921568627451 0.3799019607843137 0.08351307189542484 0.0626470588235294
0 0.8514869281045752 0.31453431372549023 0.16702614379084968 0.07352941176470588
0 0.6717483660130719 0.3131862745098039 0.1779248366013072 0.06536764705882353
0 0.22058823529411764 0.3227205882352941 0.16883986928104575 0.06808823529411764
0 0.8505882352941175 0.24237745098039215 0.16521241830065359 0.06536764705882353
0 0.5319607843137255 0.24781862745098038 0.0907843137254902 0.07080882352941177
0 0.445718954248366 0.24647058823529414 0.08532679738562092 0.0626470588235294
0 0.35766339869281044 0.25191176470588234 0.08351307189542484 0.0626470588235294
0 0.2723366013071895 0.25735294117647056 0.08351307189542484 0.06808823529411764
0 0.18065359477124182 0.2614460784313726 0.08169934640522876 0.05990196078431373
0 0.08986928104575163 0.2600735294117647 0.0780718954248366 0.0571813725490196
0 0.3503921568627451 0.3131862745098039 0.08714052287581699 0.05990196078431373
0 0.5283169934640523 0.3131862745098039 0.08714052287581699 0.05990196078431373
0 0.44480392156862747 0.3118137254901961 0.08351307189542484 0.0626470588235294
0 0.4911111111111111 0.3744607843137255 0.17248366013071895 0.06808823529411764
0 0.39578431372549017 0.5855147058823529 0.1779248366013072 0.06536764705882353
0 0.40032679738562094 0.5228676470588236 0.17248366013071895 0.06536764705882353
0 0.6735620915032681 0.2410049019607843 0.17065359477124184 0.06808823529411764
0 0.6790196078431373 0.14024509803921567 0.09441176470588236 0.06808823529411764
0 0.19789215686274508 0.19879901960784313 0.06173202614379085 0.05990196078431373
0 0.5056209150326797 0.18926470588235295 0.15068627450980393 0.0571813725490196
0 0.3376960784313725 0.18519607843137256 0.1198202614379085 0.07080882352941177
0 0.7588888888888888 0.1484313725490196 0.06535947712418301 0.0571813725490196
0 0.6218300653594772 0.18926470588235295 0.07444444444444445 0.0353921568627451
0 0.6989869281045751 0.19198529411764706 0.06898692810457516 0.0353921568627451