0 0.7295543000627747 0.07525510204081633 0.05157564344005022 0.07397959183673469
0 0.7206528562460767 0.20408163265306123 0.06067796610169484 0.1377551020408163
0 0.7135216572504708 0.3405612244897959 0.06065285624607649 0.13520408163265307
0 0.7012554927809166 0.4719387755102041 0.057187696170746864 0.12755102040816327
0 0.6833082234777149 0.6288265306122449 0.06406779661016941 0.1377551020408163
0 0.6744067796610169 0.7576530612244898 0.055517890772127924 0.13010204081632654
0 0.6663276836158192 0.8839285714285714 0.05728813559322026 0.1377551020408163
0 0.652962962962963 0.9897959183673469 0.04935342121782816 0.02040816326530612
0 0.6828562460765851 0.0663265306122449 0.049855618330194584 0.07142857142857142
0 0.6739171374764594 0.1913265306122449 0.05898305084745755 0.1377551020408163
0 0.6642812303829253 0.33163265306122447 0.05549278091650976 0.12755102040816327
0 0.6529127432517263 0.46811224489795916 0.06070307595731319 0.14030612244897958
0 0.6357250470809793 0.6160714285714286 0.0589579409918392 0.13520408163265307
0 0.6294915254237288 0.7576530612244898 0.0589579409918392 0.13520408163265307
0 0.6180351537978657 0.8852040816326531 0.05215317011927189 0.1326530612244898
0 0.6097802887633397 0.9936224489795918 0.050973006905210394 0.012755102040816327
0 0.6363590709353422 0.0778061224489796 0.05875706214689278 0.11479591836734694
0 0.626434400502197 0.18877551020408162 0.0589077212806025 0.13010204081632654
0 0.6167106089139988 0.3201530612244898 0.0589579409918392 0.13520408163265307
0 0.6045072190834901 0.45790816326530615 0.05731324544883861 0.14030612244897958
0 0.5907470182046453 0.6096938775510204 0.053873195229127334 0.13520408163265307
0 0.5801883239171375 0.7423469387755102 0.06070307595731319 0.14030612244897958
0 0.5731198995605775 0.8852040816326531 0.05551789077212812 0.13010204081632654
0 0.5614375392341494 0.9897959183673469 0.04596359070935358 0.02040816326530612
0 0.5895731324544884 0.05994897959183673 0.05013182674199624 0.09948979591836735
0 0.5797614563716258 0.18239795918367346 0.06239799121155048 0.14030612244897958
0 0.5700878844946642 0.31887755102040816 0.06060263653483998 0.13010204081632654
0 0.5604394224733208 0.45790816326530615 0.06075329566854989 0.14540816326530612
0 0.5298744507219083 0.8826530612244898 0.05718769617074705 0.12755102040816327
0 0.5181920903954802 0.9872448979591837 0.040929064657878225 0.025510204081632654
0 0.4847332077840552 0.8596938775510204 0.05210295040803519 0.12755102040816327
0 0.4739359698681733 0.9681122448979592 0.05147520401757701 0.06377551020408163
0 0.5103264281230383 0.44642857142857145 0.06067796610169484 0.1377551020408163
0 0.5420025109855618 0.04846938775510204 0.05519146264908976 0.09693877551020408
0 0.5323414940364093 0.18622448979591838 0.055392341494036365 0.11734693877551021
0 0.5208600125549278 0.3112244897959184 0.052128060263653346 0.13010204081632654
0 0.4987193973634651 0.042091836734693876 0.05845574387947258 0.08418367346938775
0 0.4879598242310107 0.15433673469387754 0.052203389830508394 0.1377551020408163
0 0.47654111738857496 0.2857142857142857 0.06065285624607649 0.13520408163265307
0 0.46369114877589457 0.44387755102040816 0.05728813559322026 0.1377551020408163
0 0.4389453860640301 0.8571428571428571 0.05200251098556193 0.11734693877551021
0 0.43062774639045825 0.9591836734693877 0.04641556811048331 0.0663265306122449
0 0.3866415568110483 0.8813775510204082 0.07150031387319529 0.20408163265306123
0 0.44881355932203393 0.6543367346938775 0.07741368487131194 0.288265306122449
0 0.4360577526679221 0.2193877551020408 0.07392341494036415 0.2780612244897959
0 0.4502887633396108 0.029336734693877552 0.0463402385436284 0.058673469387755105
0 0.39342121782799744 0.7091836734693877 0.05728813559322026 0.1377551020408163
0 0.40537350910232267 0.029336734693877552 0.05820464532328937 0.058673469387755105
0 0.38928436911487757 0.20280612244897958 0.0739987445072191 0.2857142857142857
0 0.33905838041431263 0.8686224489795918 0.06813559322033896 0.2066326530612245
0 0.3553107344632768 0.02295918367346939 0.05299435028248585 0.04591836734693878
0 0.3260640301318268 0.4094387755102041 0.06419334588826117 0.15051020408163265
0 0.31381042059008163 0.5420918367346939 0.05731324544883861 0.14030612244897958
0 0.306691776522285 0.6798469387755102 0.05728813559322026 0.1377551020408163
0 0.2986754551161331 0.8125 0.06067796610169494 0.1377551020408163
0 0.291293157564344 0.923469387755102 0.048210922787193994 0.07653061224489796
0 0.34755806654111737 0.6989795918367347 0.05394852479598239 0.14285714285714285
0 0.37112994350282486 0.4247448979591837 0.05394852479598239 0.14285714285714285
0 0.3579912115505336 0.5535714285714286 0.05728813559322036 0.1377551020408163
0 0.4082234777150031 0.49107142857142855 0.07392341494036415 0.2780612244897959
0 0.5404896421845575 0.6696428571428571 0.07399874450721901 0.2857142857142857
0 0.4979535467671061 0.6530612244897959 0.07222849968612687 0.2780612244897959
0 0.3400062774639046 0.19005102040816327 0.07387319522912746 0.2729591836734694
0 0.2711362209667294 0.16709183673469388 0.06254865034526058 0.1556122448979592
0 0.2496421845574388 0.9107142857142857 0.0483113622096673 0.08673469387755102
0 0.2823101067168864 0.4413265306122449 0.06337727558066536 0.23979591836734693
0 0.25775266792215945 0.701530612244898 0.06801004394224731 0.19387755102040816
0 0.28691776522284995 0.04846938775510204 0.0484118016321406 0.09693877551020408
0 0.297489014438167 0.2614795918367347 0.03510357815442561 0.12244897959183673
0 0.30988072818581297 0.14285714285714285 0.0350031387319523 0.11224489795918367