0 0.44327683615819213 0.6261904761904762 0.1309604519774011 0.13618669690098267
0 0.21322033898305087 0.7318310657596372 0.12723163841807908 0.12823129251700677
0 0.3242372881355932 0.6266439909297052 0.14915254237288136 0.2801020408163264
0 0.20926553672316384 0.6305461073318216 0.12847457627118647 0.11817838246409669
0 0.20926553672316384 0.5352607709750566 0.12214689265536723 0.12777777777777782
0 0.21367231638418077 0.4357709750566893 0.11649717514124297 0.11456916099773239
0 0.21531073446327684 0.341609977324263 0.11988700564971753 0.11487150415721847
0 0.21350282485875707 0.2490268329554044 0.12350282485875708 0.120275888133031
0 0.2147457627118644 0.14473733938019653 0.13096045197740117 0.1361866969009826
0 0.21751412429378533 0.06318027210884354 0.11875706214689265 0.08936130007558578
0 0.3270621468926554 0.42946900982615266 0.132090395480226 0.12358276643990933
0 0.32587570621468925 0.32285525321239605 0.12644067796610173 0.11037414965986397
0 0.32915254237288133 0.22981859410430838 0.13016949152542365 0.11832955404383974
0 0.3319774011299435 0.09823790627362056 0.14112994350282485 0.1964758125472411
0 0.5616384180790961 0.5648148148148149 0.14915254237288136 0.28010204081632656
0 0.43779661016949156 0.4640589569160997 0.12926553672316382 0.1360355253212397
0 0.4456497175141243 0.3629913076341648 0.1255367231638417 0.12808012093726379
0 0.44107344632768364 0.27573696145124715 0.11310734463276839 0.11426681783824642
0 0.4454802259887005 0.1762471655328798 0.12644067796610173 0.11037414965986397
0 0.45355932203389826 0.0700774754346183 0.1249717514124294 0.11532501889644747
0 0.44649717514124293 0.023658352229780806 0.13073446327683613 0.04731670445956161
0 0.5642372881355932 0.05805933484504913 0.14271186440677974 0.11611866969009826
0 0.554406779661017 0.3850529100529101 0.12587570621468924 0.13573318216175356
0 0.5553672316384181 0.2680839002267574 0.12745762711864414 0.13333333333333336
0 0.5617514124293784 0.16206538170823886 0.12214689265536713 0.12777777777777777
0 0.6880790960451978 0.5878401360544218 0.14553672316384164 0.19846938775510192
0 0.6771186440677966 0.4350907029478458 0.13062146892655377 0.12853363567649273
0 0.6727118644067797 0.3249527588813303 0.12259887005649704 0.13798185941043087
0 0.6757062146892655 0.2192365835222978 0.1233898305084745 0.11772486772486773
0 0.6748022598870056 0.12530234315948602 0.1309604519774011 0.13618669690098265