0 0.8535488665923449 0.09020100502512564 0.13480738263346945 0.15613251442397172
0 0.8667843428712994 0.24178298901916992 0.14671125975473803 0.1614182021217197
0 0.8981171807258764 0.4004932067746138 0.1460175894958503 0.1438302624232273
0 0.9158800941409637 0.5431881630374092 0.13038523473306077 0.1710962218499906
0 0.7015607580824972 0.1312395309882747 0.1349064783847392 0.15864507723804205
0 0.7246810355506008 0.2863670202866183 0.149176266567571 0.18155592778708352
0 0.7563111606589867 0.4375395495998511 0.1301870432305215 0.16607109622185004
0 0.7614827201783724 0.5817699609156896 0.15232255667038289 0.17660524846454495
0 0.6281803542673108 0.8056486134375582 0.10729592468722907 0.26346547552577704
0 0.43752012882447666 0.8952447422296668 0.17573392790784087 0.17712637260375969
0 0.24835253313514186 0.9258142564675229 0.1909698996655518 0.13981016192071455
0 0.07709030100334448 0.9386097152428811 0.15418060200668895 0.12181276754141086
0 0.41908212560386476 0.7061232086357715 0.17455716586151374 0.18965196352131028
0 0.24536108014368885 0.7263074632421366 0.18410751889012755 0.21998883305415964
0 0.07965130682521987 0.7753675786339101 0.15930261365043974 0.18215149823190038
0 0.08442648333952682 0.5820491345616974 0.16885296667905364 0.19508654383026228
0 0.2659234485321442 0.5438488739996278 0.18202650811346463 0.16722501395868228
0 0.2514616623312275 0.38099758049506793 0.1702217267434659 0.1644518890750047
0 0.07613960113960114 0.39514237855946394 0.15227920227920227 0.16696445188907502
0 0.4229778273256534 0.5014423971710404 0.15055122011643754 0.17405546249767354
0 0.23724761550848508 0.2118648799553322 0.17652669391799825 0.19722687511632234
0 0.07971014492753623 0.2092313418946585 0.15942028985507245 0.19962776847198954
0 0.4163817663817664 0.18151870463428252 0.15104669887278588 0.1866182765680253
0 0.4241545893719807 0.3445188907500465 0.15340022296544037 0.16156709473292388
0 0.5703394029480986 0.3023543644146659 0.14778892604979554 0.14638004839009866
0 0.5796915644741731 0.4464917178485017 0.14503901895206245 0.16138097896891856
0 0.6137805029109377 0.5988646938395682 0.1407035798340146 0.13618090452261317
0 0.5499194847020934 0.16348408710217754 0.14169453734671128 0.16130653266331654