0 0.8605718954248366 0.14705882352941177 0.1198202614379085 0.1361764705882353
0 0.8714542483660132 0.2968382352941176 0.13071895424836602 0.14161764705882354
0 0.9014215686274509 0.45615196078431375 0.1325326797385621 0.12254901960784313
0 0.9268300653594772 0.5991176470588235 0.12890522875816993 0.1525
0 0.7116993464052288 0.16747549019607844 0.1198202614379085 0.13889705882352943
0 0.7325653594771242 0.3227205882352941 0.1325326797385621 0.16068627450980394
0 0.7634313725490196 0.4738480392156863 0.11437908496732026 0.14705882352941177
0 0.7670588235294118 0.6168382352941176 0.13616013071895425 0.1552205882352941
0 0.6354411764705882 0.8183578431372549 0.08351307189542484 0.24781862745098038
0 0.4493464052287582 0.8823529411764706 0.1579575163398693 0.1525
0 0.2650653594771242 0.9027696078431372 0.17429738562091504 0.14433823529411766
0 0.08714052287581699 0.904142156862745 0.1561437908496732 0.14705882352941177
0 0.43209150326797385 0.6944362745098038 0.1561437908496732 0.16340686274509805
0 0.26325163398692814 0.6930882352941176 0.16339869281045752 0.1933578431372549
0 0.0934967320261438 0.7189460784313725 0.1579575163398693 0.15794117647058822
0 0.09531045751633986 0.5310539215686274 0.17248366013071895 0.16884803921568628
0 0.28413398692810454 0.5174264705882353 0.16521241830065359 0.14161764705882354
0 0.271421568627451 0.35676470588235293 0.15431372549019606 0.14161764705882354
0 0.09168300653594771 0.3472303921568627 0.15431372549019606 0.14433823529411766
0 0.4375490196078431 0.49563725490196076 0.13434640522875818 0.1525
0 0.25781045751633985 0.18926470588235295 0.1561437908496732 0.1715686274509804
0 0.09895424836601308 0.16747549019607844 0.15431372549019606 0.17700980392156862
0 0.43300653594771243 0.18110294117647058 0.1325326797385621 0.16612745098039217
0 0.4393627450980392 0.3417647058823529 0.13797385620915031 0.13889705882352943
0 0.5827941176470588 0.31862745098039214 0.13434640522875818 0.12526960784313726
0 0.5909640522875818 0.4602450980392157 0.12890522875816993 0.14161764705882354
0 0.6227287581699347 0.6141176470588235 0.12709150326797386 0.1171078431372549
0 0.5637254901960784 0.17973039215686273 0.1252777777777778 0.14161764705882354