0 0.6974183006535948 0.3281460674157303 0.1411111111111111 0.07915730337078651
0 0.5533333333333333 0.32685393258426965 0.13815359477124184 0.091938202247191
0 0.24732026143790853 0.3192134831460674 0.14408496732026144 0.08682584269662921
0 0.1025 0.31536516853932584 0.13666666666666666 0.07404494382022472
0 0.8355555555555556 0.3281460674157303 0.13815359477124184 0.07404494382022472
0 0.9543954248366013 0.32558988764044944 0.0906045751633987 0.08938202247191011
0 0.9083496732026143 0.4034831460674157 0.1411111111111111 0.08171348314606741
0 0.764264705882353 0.4009269662921348 0.1411111111111111 0.07660112359550561
0 0.6224019607843138 0.40985955056179774 0.13666666666666666 0.07915730337078651
0 0.47756535947712414 0.40730337078651685 0.14408496732026144 0.07915730337078651
0 0.3282843137254902 0.3983707865168539 0.14557189542483662 0.07660112359550561
0 0.17676470588235296 0.3996348314606742 0.14854575163398692 0.07404494382022472
0 0.04975490196078431 0.3983707865168539 0.09952614379084966 0.08682584269662921
0 0.8504084967320262 0.4826404494382022 0.1411111111111111 0.08171348314606741
0 0.7070751633986928 0.48901685393258426 0.13962418300653595 0.07915730337078651
0 0.5629901960784314 0.49157303370786515 0.14557189542483662 0.07915730337078651
0 0.4181535947712418 0.4839044943820225 0.1411111111111111 0.08426966292134831
0 0.27109477124183007 0.47879213483146066 0.14705882352941177 0.07915730337078651
0 0.11735294117647058 0.47879213483146066 0.15151960784313726 0.08426966292134831
0 0.9595915032679738 0.4864606741573034 0.07723856209150327 0.07404494382022472
0 0.9128104575163398 0.5643539325842697 0.13815359477124184 0.08171348314606741
0 0.7709477124183006 0.5681741573033708 0.13962418300653595 0.08426966292134831
0 0.6305718954248366 0.5694662921348315 0.14705882352941177 0.08682584269662921
0 0.48573529411764704 0.5707303370786517 0.14259803921568626 0.07915730337078651
0 0.3386764705882353 0.5643539325842697 0.14557189542483662 0.08171348314606741
0 0.19013071895424838 0.5617977528089888 0.14259803921568626 0.08682584269662921
0 0.05718954248366013 0.5617977528089888 0.11437908496732026 0.08171348314606741
0 0.9595915032679738 0.6460674157303371 0.0802124183006536 0.07660112359550561
0 0.8474509803921568 0.6448033707865168 0.1411111111111111 0.07915730337078651
0 0.7041013071895426 0.648623595505618 0.13962418300653595 0.07660112359550561
0 0.5600163398692811 0.6511797752808989 0.14557189542483662 0.07660112359550561
0 0.41295751633986927 0.648623595505618 0.13666666666666666 0.08171348314606741
0 0.2725816993464052 0.6435112359550562 0.14408496732026144 0.07660112359550561
0 0.12254901960784313 0.6409550561797753 0.14408496732026144 0.08682584269662921
0 0.024509803921568627 0.6448033707865168 0.049019607843137254 0.08426966292134831
0 0.9150326797385621 0.7239606741573035 0.13666666666666666 0.07404494382022472
0 0.7716830065359477 0.7328932584269664 0.1411111111111111 0.08171348314606741
0 0.6268627450980392 0.7277808988764044 0.14259803921568626 0.07660112359550561
0 0.48351307189542486 0.7316011235955056 0.1411111111111111 0.07915730337078651
0 0.3401633986928105 0.7303370786516854 0.13962418300653595 0.08171348314606741
0 0.19459150326797386 0.7239606741573035 0.14259803921568626 0.07915730337078651
0 0.060898692810457525 0.7239606741573035 0.11883986928104576 0.08426966292134831
0 0.9625653594771242 0.8069382022471909 0.07130718954248366 0.08171348314606741
0 0.8533823529411765 0.8043820224719102 0.13815359477124184 0.07660112359550561
0 0.7122712418300654 0.8107865168539325 0.13815359477124184 0.08426966292134831
0 0.568186274509804 0.8069382022471909 0.1411111111111111 0.07660112359550561
0 0.4218627450980392 0.8069382022471909 0.14259803921568626 0.07660112359550561
0 0.2792647058823529 0.8069382022471909 0.14854575163398692 0.08171348314606741
0 0.12700980392156863 0.8056741573033708 0.15003267973856207 0.07404494382022472
0 0.024509803921568627 0.8082303370786518 0.04604575163398693 0.07404494382022472
0 0.9083496732026143 0.8899438202247191 0.1351797385620915 0.07915730337078651
0 0.7709477124183006 0.8899438202247191 0.13369281045751633 0.08938202247191011
0 0.6298202614379085 0.8899438202247191 0.13962418300653595 0.07915730337078651
0 0.48573529411764704 0.8873876404494383 0.14259803921568626 0.08426966292134831
0 0.33645424836601306 0.8873876404494383 0.14408496732026144 0.08426966292134831
0 0.1893954248366013 0.8912078651685392 0.1530065359477124 0.08171348314606741
0 0.05941176470588235 0.8886516853932585 0.1128921568627451 0.08171348314606741