0 0.9077777777777777 0.12799019607843137 0.1779248366013072 0.19607843137254902
0 0.6971732026143791 0.13480392156862744 0.22875816993464052 0.1933578431372549
0 0.4493464052287582 0.13752450980392156 0.22331699346405226 0.1933578431372549
0 0.21241830065359477 0.12254901960784313 0.22513071895424835 0.19607843137254902
0 0.8996078431372548 0.3227205882352941 0.19426470588235295 0.1933578431372549
0 0.6817320261437909 0.3227205882352941 0.22694444444444442 0.1933578431372549
0 0.4493464052287582 0.3349754901960784 0.22694444444444442 0.18519607843137256
0 0.21604575163398693 0.32 0.23238562091503268 0.19879901960784313
0 0.046290849673202614 0.12526960784313726 0.09259803921568628 0.19607843137254902
0 0.05264705882352941 0.3227205882352941 0.09441176470588236 0.19879901960784313
0 0.051748366013071895 0.5255882352941177 0.10348039215686274 0.19607843137254902
0 0.058104575163398696 0.7175980392156862 0.11256535947712418 0.19879901960784313
0 0.055375816993464055 0.9054901960784314 0.10712418300653595 0.18791666666666668
0 0.8986928104575164 0.516078431372549 0.19245098039215686 0.20424019607843136
0 0.6790196078431373 0.5228676470588236 0.22875816993464052 0.20151960784313724
0 0.4502614379084967 0.5242401960784313 0.21785947712418302 0.19879901960784313
0 0.22513071895424835 0.5201470588235294 0.22875816993464052 0.19607843137254902
0 0.8985130718954248 0.7094117647058823 0.20297385620915032 0.19879901960784313
0 0.6790196078431373 0.7135049019607843 0.23601307189542484 0.1906372549019608
0 0.4493464052287582 0.712156862745098 0.22331699346405226 0.1933578431372549
0 0.2242156862745098 0.7135049019607843 0.23057189542483664 0.1906372549019608
0 0.8950653594771242 0.9000490196078432 0.20333333333333334 0.1933578431372549
0 0.6726633986928104 0.904142156862745 0.22331699346405226 0.17973039215686273
0 0.4484313725490196 0.9027696078431372 0.21785947712418302 0.18791666666666668
0 0.22150326797385622 0.9014215686274509 0.22875816993464052 0.19607843137254902