0 0.9310985561833018 0.17355442176870747 0.13780288763339624 0.2633975812547241
0 0.7527055869428751 0.13775037792894934 0.2619836785938481 0.2755007558578987
0 0.49951035781544256 0.10796485260770976 0.2566478342749529 0.21592970521541952
0 0.26178279974890145 0.07264739229024943 0.259158819836786 0.14529478458049885
0 0.910031387319523 0.37297808012093725 0.1799372253609541 0.2693877551020409
0 0.712165725047081 0.31970899470899466 0.260288763339611 0.2905139833711262
0 0.4742623979912116 0.2757275132275132 0.26021343377275574 0.2828609221466364
0 0.23861268047708725 0.2022108843537415 0.267143753923415 0.29869614512471654
0 0.10209667294413056 0.03883219954648526 0.10249843063402385 0.07766439909297052
0 0.07882611424984308 0.1674508692365835 0.11240426867545511 0.23563869992441425
0 0.05711864406779661 0.37465986394557826 0.10901443816698053 0.23537414965986392
0 0.05060263653483993 0.5743008314436886 0.09211550533584432 0.23915343915343923
0 0.035448838669177654 0.7580215419501134 0.05794099183929692 0.20844671201814058
0 0.8965536723163843 0.5692554799697657 0.20689265536723153 0.2843915343915345
0 0.6828185812931575 0.5262377173091459 0.2637539234149404 0.29843159486016624
0 0.44989956057752667 0.47165532879818595 0.2518392969240427 0.2924036281179138
0 0.22115505335844315 0.41036470143613 0.2637037037037037 0.2933295540438397
0 0.8726177024482109 0.7667233560090703 0.2212303829252983 0.2798185941043083
0 0.6567482736974262 0.7210222978080121 0.26876333961079724 0.2911753590325019
0 0.423804143126177 0.6638888888888888 0.25689893283113624 0.290249433106576
0 0.19428750784682985 0.6103174603174604 0.2636785938480854 0.29077853363567646
0 0.8449340866290018 0.8837679516250945 0.2213433772755807 0.11923658352229786
0 0.6242812303829254 0.8690759637188209 0.25247959824231025 0.18539304610733173
0 0.3967733835530446 0.847260015117158 0.24986817325800376 0.2642101284958428
0 0.16640929064657878 0.793754724111867 0.26016321406151915 0.27775888133030996