0 0.41131968145620024 0.883888888888889 0.07076222980659837 0.2322222222222221
0 0.4161547212741752 0.6418300653594772 0.08168373151308306 0.2643137254901961
0 0.42360637087599545 0.1306862745098039 0.07246871444823659 0.20202614379084965
0 0.4540386803185438 0.9480882352941177 0.05779294653014791 0.10382352941176458
0 0.4639931740614334 0.7789215686274511 0.07292377701934019 0.2577777777777777
0 0.4684869169510808 0.5212091503267974 0.07337883959044368 0.2695424836601307
0 0.46916951080773606 0.2529411764705882 0.07178612059158124 0.27235294117647063
0 0.4734357224118316 0.0773202614379085 0.052673492605233234 0.0861437908496732
0 0.508703071672355 0.9037581699346405 0.07019340159271918 0.192483660130719
0 0.5156427758816836 0.684640522875817 0.07349260523321946 0.2724836601307191
0 0.5175767918088736 0.4267320261437909 0.07667804323094436 0.2668627450980392
0 0.5195108077360637 0.16882352941176473 0.07315130830489193 0.2636601307189543
0 0.5546075085324232 0.9672875816993463 0.060295790671217354 0.06542483660130742
0 0.5599544937428896 0.8185294117647057 0.07883959044368609 0.2787581699346406
0 0.5670079635949943 0.5610130718954248 0.0732650739476679 0.2666013071895425
0 0.5695676905574516 0.29728758169934644 0.07531285551763366 0.2755555555555555
0 0.5715585893060295 0.10683006535947713 0.06416382252559731 0.119281045751634
0 0.6054038680318543 0.9148366013071897 0.06791808873720129 0.1703267973856207
0 0.613367463026166 0.7038562091503268 0.07178612059158124 0.27235294117647046
0 0.6176905574516497 0.44173202614379087 0.07474402730375419 0.2608496732026143
0 0.6191695108077361 0.19405228758169935 0.07155858930602968 0.2664705882352941
0 0.6547781569965871 0.9799673202614378 0.05790671217292388 0.0400653594771243
0 0.656769055745165 0.8362091503267974 0.07155858930602968 0.26647058823529396
0 0.6656427758816837 0.581764705882353 0.07315130830489193 0.2636601307189543
0 0.670193401592719 0.32552287581699346 0.07485779294653017 0.26379084967320254
0 0.6696245733788395 0.13486928104575163 0.05927189988623438 0.12477124183006534
0 0.7032423208191126 0.933202614379085 0.07019340159271918 0.13359477124183006
0 0.7084755403868033 0.7433986928104575 0.0714448236632537 0.26352941176470596
0 0.7137087599544938 0.4828104575163399 0.07155858930602968 0.2664705882352941
0 0.7192263936291241 0.22957516339869283 0.07554038680318541 0.28143790849673206
0 0.7499431171786121 0.9952614379084969 0.06211604095563156 0.009477124183006388
0 0.7558020477815699 0.8672549019607844 0.07303754266211597 0.26071895424836583
0 0.7602957906712173 0.6095424836601308 0.07679180887372014 0.2698039215686275
0 0.7661547212741753 0.34313725490196073 0.07690557451649592 0.2727450980392157
0 0.7727531285551764 0.16183006535947714 0.06109215017064839 0.12784313725490196