0 0.7318607002907345 0.14905982905982906 0.164264947541398 0.2981196581196581
0 0.7429212488939452 0.4882905982905983 0.16432815067627357 0.38222222222222235
0 0.7637782834028568 0.7816239316239317 0.15402603969156867 0.24051282051282039
0 0.6021362659587916 0.1753846153846154 0.16445455694602445 0.3507692307692308
0 0.6059600556187588 0.5199145299145299 0.15933510302110995 0.3868376068376069
0 0.6260902540766022 0.8082051282051281 0.15598533687270885 0.25094017094017096
0 0.4625205410188345 0.19465811965811966 0.1697004171406902 0.3893162393162393
0 0.47418151940336234 0.5484615384615386 0.16584502591328532 0.3747008547008547
0 0.48685374794589814 0.8285470085470086 0.1561117431424599 0.25606837606837607
0 0.3306788016685627 0.22393162393162397 0.16306408797876373 0.4
0 0.34316142080647205 0.5807692307692308 0.16432815067627357 0.38222222222222235
0 0.35178864871697635 0.8523076923076922 0.15219314878017956 0.23521367521367526
0 0.20373530527114145 0.2635042735042735 0.1437871318417393 0.37760683760683766
0 0.2181140184553154 0.6124786324786325 0.14707369485526484 0.37282051282051276
0 0.22949058273290357 0.8760683760683761 0.1396789280748325 0.2109401709401709