0 0.6172875816993464 0.5637254901960784 0.06535947712418301 0.16884803921568628
0 0.641797385620915 0.9054901960784314 0.059918300653594776 0.17700980392156862
0 0.5954901960784313 0.733921568627451 0.1561437908496732 0.16612745098039217
0 0.5773366013071896 0.898700980392157 0.05446078431372549 0.16884803921568628
0 0.5147058823529411 0.8905147058823529 0.059918300653594776 0.15794117647058822
0 0.45207516339869286 0.8769117647058823 0.05446078431372549 0.1525
0 0.39124183006535945 0.8687254901960785 0.05264705882352941 0.15794117647058822
0 0.33133986928104575 0.864656862745098 0.05627450980392156 0.16068627450980394
0 0.2650653594771242 0.8551225490196078 0.06535947712418301 0.16884803921568628
0 0.20333333333333334 0.8455882352941176 0.05446078431372549 0.16068627450980394
0 0.4693137254901961 0.7162254901960785 0.05627450980392156 0.1742892156862745
0 0.40032679738562094 0.7094117647058823 0.049019607843137254 0.16612745098039217
0 0.3413235294117647 0.6985294117647058 0.05446078431372549 0.1715686274509804
0 0.23784313725490197 0.6835539215686274 0.14161764705882354 0.16884803921568628
0 0.6009477124183006 0.3907843137254902 0.1561437908496732 0.16612745098039217
0 0.5119771241830066 0.5596323529411765 0.06535947712418301 0.16612745098039217
0 0.4493464052287582 0.541936274509804 0.059918300653594776 0.16340686274509805
0 0.39215686274509803 0.541936274509804 0.05446078431372549 0.14705882352941177
0 0.32952614379084966 0.5296813725490196 0.049019607843137254 0.16612745098039217
0 0.26235294117647057 0.509264705882353 0.05264705882352941 0.16340686274509805
0 0.20606209150326799 0.5133333333333333 0.059918300653594776 0.17700980392156862
0 0.23057189542483664 0.34450980392156866 0.14524509803921568 0.17700980392156862
0 0.48475490196078436 0.38806372549019613 0.06535947712418301 0.16068627450980394
0 0.40941176470588236 0.3785294117647059 0.06354575163398693 0.16340686274509805
0 0.3422222222222222 0.36220588235294116 0.059918300653594776 0.15794117647058822
0 0.639983660130719 0.2124264705882353 0.10348039215686274 0.17973039215686273
0 0.5401307189542484 0.21649509803921568 0.059918300653594776 0.1715686274509804
0 0.4684150326797386 0.2151470588235294 0.06898692810457516 0.15794117647058822
0 0.40124183006535946 0.2028921568627451 0.05446078431372549 0.16068627450980394
0 0.33950980392156865 0.19879901960784313 0.06535947712418301 0.16884803921568628