0 0.45875995449374296 0.2935042735042735 0.12152698773859189 0.10645773979107316
0 0.22607129313613958 0.2601519468186135 0.11625584628997596 0.09870845204178537
0 0.341745670585261 0.32937321937321934 0.1243584881810138 0.2500474833808167
0 0.22980027809379344 0.36273504273504276 0.11776008090001265 0.08847103513770181
0 0.2359625837441537 0.4589363722697056 0.11284287700669954 0.09867046533713211
0 0.24897610921501706 0.5564957264957265 0.10922765769182152 0.08837606837606846
0 0.25767286057388444 0.6514434947768281 0.11259006446719755 0.0858499525166193
0 0.26293136139552525 0.745071225071225 0.11610415876627476 0.09101614434947781
0 0.2735368474276324 0.8502943969610637 0.12152698773859183 0.10645773979107302
0 0.28311212236126915 0.9465337132003798 0.11605359625837443 0.08845204178537526
0 0.3601693844014663 0.5282526115859449 0.12463658197446599 0.09111111111111103
0 0.3682657059790166 0.636011396011396 0.11931487801794978 0.08079772079772082
0 0.3786183794716218 0.7284140550807218 0.12287953482492733 0.08852801519468177
0 0.3937744912147642 0.8889363722697057 0.12560991025154852 0.22212725546058862
0 0.5794969030463911 0.3166381766381766 0.1243584881810138 0.2500474833808167
0 0.46628744785741366 0.4589363722697056 0.11982050309695366 0.10643874643874632
0 0.4827392238655038 0.5578157644824312 0.11796233093161418 0.09872744539411207
0 0.48536215396283655 0.6475688509021842 0.10581468840854508 0.08833808167141505
0 0.4966691947920617 0.7451092117758785 0.11931487801794978 0.08079772079772096
0 0.5141006193907217 0.8504083570750236 0.11770951839211222 0.0859069325735991
0 0.514138541271647 0.9388509021842355 0.12649475413980532 0.09882241215574543
0 0.6292693717608393 0.8908784425451093 0.12897231702692455 0.21824311490978138
0 0.5873783339653647 0.5000189933523267 0.11640753381367726 0.10640075973409306
0 0.5982366325369738 0.6180626780626781 0.11806345594741505 0.1038556505223172
0 0.6122550878523575 0.7233238366571699 0.11284287700669951 0.09867046533713211
0 0.7028315004424219 0.25520417853751187 0.1295158639868538 0.16550807217473879
0 0.7042093287827077 0.41159544159544165 0.12308178485652886 0.09878442545109202
0 0.708140563771963 0.524434947768281 0.11309568954620147 0.11149097815764479
0 0.7204525344457084 0.6296771130104464 0.11605359625837443 0.08845204178537497
0 0.7266148400960688 0.7258784425451092 0.12152698773859193 0.10645773979107302