0 0.6611515887472171 0.5698618700667881 0.3098563043918235 0.41788099574984816
0 0.22687715037441814 0.4779902853673345 0.3021655535316738 0.37264723740133576
0 0.07726168791742563 0.5700136612021857 0.10412871888281726 0.11953551912568296
0 0.07458004452539972 0.460458409228901 0.10949200566686906 0.11763812993321186
0 0.0815624367536936 0.3532179720704311 0.1064561829589152 0.1114146933819064
0 0.10003035822707955 0.25755160898603524 0.11465290427039061 0.111642380085003
0 0.2355798421372192 0.23982999392835458 0.2221210281319571 0.1330449301760777
0 0.10271200161910544 0.14609896782027929 0.09289617486338798 0.11308439587128113
0 0.42172637117992307 0.6665528233151183 0.24701477433717867 0.13987553126897384
0 0.436601902448897 0.5533925318761385 0.2387168589354382 0.1375986642380085
0 0.45274235984618494 0.43822100789313906 0.24741955069823923 0.14807225258044926
0 0.2340113337381097 0.23569368548876746 0.21372191863995144 0.12871888281724347
0 0.46437968022667475 0.314738919247116 0.2418538757336572 0.14587128111718278
0 0.2552114956486541 0.14010321797207043 0.22879983808945556 0.10253491196114148
0 0.47045132564258246 0.18905585913782635 0.24711596842744388 0.1419247115968427
0 0.7044120623355596 0.31322100789313906 0.2531876138433514 0.1543715846994536
0 0.7124569925116373 0.19987097753491195 0.2397287998380895 0.10283849423193686
0 0.8822859744990892 0.7327717061323619 0.2354280510018217 0.17068913175470554
0 0.8950111313499292 0.6044323011536126 0.20997773730014166 0.15406800242865823
0 0.905231734466707 0.4685412871888282 0.18953653106658588 0.15945658773527618
0 0.9088747217162518 0.33553430479659985 0.18225055656749645 0.15088038858530659
0 0.9082169601295284 0.23618700667880993 0.18356607974094322 0.11596842744383726
0 0.6458206840720502 0.8671827565270189 0.10969439384739932 0.06648451730418922
0 0.5439182351750658 0.8756071645415908 0.10605140659785475 0.047965998785670885
0 0.5475106253794779 0.8378491196114146 0.11505768063145105 0.06458712811171818
0 0.557478243270593 0.7910595021250759 0.11505768063145105 0.06458712811171818
0 0.4474296701072657 0.8555327868852459 0.09846184982797013 0.06003339404978751
0 0.45486743574175265 0.8127656344869459 0.09603319166160697 0.06610503946569515
0 0.4620016191054443 0.7638509411050394 0.10109289617486339 0.05806010928961733
0 0.35696215341024085 0.8468806921675774 0.09532483302975113 0.05176077717061319
0 0.36313499291641366 0.8061247723132969 0.09259259259259263 0.05168488160291428
0 0.3650576806314511 0.7621812386156649 0.09026512851649456 0.05980570734669102
0 0.2770188221007893 0.8303354584092288 0.09006274033596438 0.05570734669095332
0 0.280307630034406 0.7864298724954463 0.10655737704918032 0.058211900425015145
0 0.28339404978749244 0.7384259259259259 0.09319975713418337 0.0639799635701274
0 0.6540174053835256 0.8121584699453551 0.09846184982797013 0.06003339404978751
0 0.19869459623557986 0.818951123254402 0.07913377858733049 0.055403764420157924
0 0.20051608986035216 0.772958409228901 0.07316332726168792 0.04500607164541585
0 0.21073669297713016 0.7312917425622344 0.07883019631653511 0.049256223436551366
0 0.22075490791337787 0.6855267152398301 0.07063347500505969 0.04902853673345465
0 0.8076300344059907 0.8839556769884639 0.09552722121028155 0.0558591378263509
0 0.8176482493422383 0.8381906496660596 0.10089050799433297 0.053961748633879626
0 0.9092289010321797 0.8970097146326655 0.10979558793766453 0.06853369763205831
0 0.9093300951224448 0.8438069216757742 0.11232544019429258 0.06451123254401951