0 0.5483466666666666 0.3875 0.51 0.16
0 0.5033333333333333 0.71126 0.44666666666666666 0.1625
0 0.65 0.85376 0.14 0.1475
0 0.5066666666666667 0.865 0.14 0.15
0 0.36834666666666666 0.86626 0.13 0.1375
0 0.23834666666666665 0.8675 0.13 0.155
0 0.52168 0.96626 0.39666666666666667 0.0625
0 0.19333333333333333 0.7275 0.14 0.145
0 0.09501333333333334 0.8775 0.13666666666666666 0.14
0 0.11501333333333334 0.97376 0.13666666666666666 0.0525
0 0.25333333333333335 0.97 0.14 0.055
0 0.7150133333333333 0.55126 0.14333333333333334 0.1625
0 0.5650133333333334 0.5525 0.14333333333333334 0.155
0 0.41333333333333333 0.55126 0.15333333333333332 0.1625
0 0.18834666666666666 0.73 0.13666666666666666 0.14
0 0.25 0.55626 0.15333333333333332 0.1575
0 0.058346666666666665 0.725 0.10333333333333333 0.155
0 0.08666666666666667 0.56376 0.14666666666666667 0.1625
0 0.20834666666666665 0.3825 0.16333333333333333 0.165
0 0.05501333333333333 0.38876 0.10333333333333333 0.1625
0 0.72 0.17626 0.18666666666666668 0.2175
0 0.55 0.17626 0.16666666666666666 0.2125
0 0.37333333333333335 0.17376 0.17333333333333334 0.2125
0 0.19666666666666666 0.18 0.16 0.215
0 0.06168 0.19125999999999999 0.12333333333333334 0.2225
0 0.9356266666666667 0.36884 0.06850666666666667 0.07192
0 0.9698666666666667 0.44282 0.0548 0.07192
0 0.9150666666666666 0.44282 0.06576 0.07601999999999999
0 0.8520533333333333 0.44076 0.06576 0.07601999999999999
0 0.9589066666666666 0.51474 0.07122666666666667 0.0637
0 0.89864 0.51164 0.07122666666666667 0.06164
0 0.83288 0.51164 0.06026666666666667 0.06576
0 0.9643999999999999 0.58048 0.06026666666666667 0.0637
0 0.9054933333333334 0.5794600000000001 0.05205333333333333 0.06164
0 0.8479466666666667 0.58152 0.06301333333333332 0.05754
0 0.9520533333333333 0.6390399999999999 0.05754666666666666 0.05754
0 0.8945333333333333 0.6411 0.05754666666666666 0.06986
0 0.83152 0.64418 0.06850666666666667 0.05958
0 0.8644 0.36884 0.06301333333333332 0.0637
0 0.9506933333333333 0.6965800000000001 0.06026666666666667 0.04932
0 0.8904266666666667 0.69966 0.049306666666666665 0.047259999999999996
0 0.8342666666666667 0.6965800000000001 0.05205333333333333 0.04932
0 0.7739733333333334 0.6935 0.05205333333333333 0.04316
0 0.93016 0.25068 0.05754666666666666 0.06164
0 0.8698666666666667 0.2476 0.05205333333333333 0.0678
0 0.9287733333333333 0.17568 0.07122666666666667 0.07192
0 0.8602933333333334 0.18081999999999998 0.06576 0.07398
0 0.58904 0.03288 0.5369866666666667 0.06576
0 0.22466666666666665 0.03596 0.18629333333333334 0.07192
0 0.06712 0.03698 0.12877333333333332 0.07398