0 0.32688 0.5430666666666667 0.09376000000000001 0.2583111111111111
0 0.335 0.8347111111111111 0.335 0.3194666666666666
0 0.5718799999999999 0.8764 0.09876 0.24724444444444446
0 0.90438 0.8833333333333333 0.09376000000000001 0.2222222222222222
0 0.79812 0.8736 0.07626000000000001 0.2305777777777778
0 0.68126 0.8750222222222223 0.11 0.2388888888888889
0 0.42188 0.5611111111111111 0.09126000000000001 0.24444444444444444
0 0.51688 0.5888888888888889 0.08376 0.26666666666666666
0 0.61626 0.5666666666666667 0.0875 0.2833333333333333
0 0.4575 0.3111111111111111 0.22 0.2222222222222222
0 0.70876 0.5833333333333334 0.09 0.29444444444444445
0 0.89312 0.5541777777777778 0.08876 0.27497777777777777
0 0.80438 0.5805777777777777 0.09376000000000001 0.3055555555555556
0 0.975 0.8528 0.04 0.29444444444444445