0 0.69864 0.42 0.384 0.184
0 0.30536 0.42536 0.38664 0.19463999999999998
0 0.7 0.61064 0.38664 0.18663999999999997
0 0.31063999999999997 0.61464 0.376 0.2
0 0.8306399999999999 0.7853600000000001 0.13063999999999998 0.16263999999999998
0 0.69736 0.788 0.12536 0.16263999999999998
0 0.57464 0.7893600000000001 0.12 0.16536
0 0.44 0.788 0.12264 0.16263999999999998
0 0.30663999999999997 0.7933600000000001 0.12264 0.16263999999999998
0 0.188 0.79064 0.10936 0.152
0 0.068 0.79464 0.10936 0.15464
0 0.94264 0.79064 0.104 0.14664