0 0.7553432835820896 0.5522 0.2673731343283582 0.2638
0 0.6852835820895522 0.8478 0.2881194029850746 0.2927333333333333
0 0.38611940298507463 0.8478 0.26865671641791045 0.2927333333333333
0 0.9156417910447762 0.8550666666666666 0.16743283582089552 0.27826666666666666
0 0.47955223880597014 0.558 0.26086567164179103 0.26953333333333335
0 0.9620298507462686 0.5638 0.07591044776119403 0.2927333333333333
0 0.6846268656716418 0.2956666666666667 0.2556716417910448 0.26666666666666666
0 0.40946268656716417 0.28113333333333335 0.25307462686567167 0.27246666666666663
0 0.9088358208955223 0.30146666666666666 0.1823582089552239 0.22606666666666664
0 0.5944179104477612 0.07826666666666666 0.2336119402985075 0.15653333333333333
0 0.8345373134328358 0.08986666666666666 0.2336119402985075 0.17973333333333333
0 0.10253731343283583 0.5594 0.19988059701492536 0.35359999999999997