0 0.49343434343434345 0.20512820512820512 0.9868686868686869 0.41025641025641024
0 0.34154040404040403 0.4960430515986072 0.36616161616161613 0.33950617283950624
0 0.6291245791245792 0.45212092434314655 0.39692760942760946 0.3710034821145932
0 0.8541877104377104 0.3952991452991453 0.29162457912457923 0.37211142766698324
0 0.6412037037037037 0.709085153529598 0.7175925925925927 0.4184868629313074
0 0.0587962962962963 0.23923710034821147 0.10749158249158249 0.3591326369104147
0 0.12365319865319865 0.5553972776194999 0.184006734006734 0.32510288065843623
0 0.21470959595959596 0.8057138334916113 0.23009259259259257 0.26384931940487505
0 0.5134048821548821 0.9028173472617916 0.2671296296296297 0.1595441595441597
0 0.7453493265993264 0.8770180436847104 0.2744949494949495 0.18122823678379227
0 0.9240319865319865 0.8370528648306427 0.15193602693602706 0.16160177271288367