0 0.5745454545454546 0.7144781144781145 0.29212121212121206 0.4740740740740741
0 0.5025252525252525 0.2765993265993266 0.30121212121212126 0.4744107744107744
0 0.36010101010101014 0.7587542087542087 0.29191919191919197 0.464983164983165
0 0.2878787878787879 0.32996632996632996 0.3103030303030303 0.4747474747474747
0 0.1882828282828283 0.9286195286195287 0.20282828282828283 0.1346801346801349
0 0.1639393939393939 0.7978114478114479 0.2038383838383838 0.18013468013468034
0 0.1395959595959596 0.6670033670033669 0.21272727272727274 0.17138047138047136
0 0.11575757575757577 0.5134680134680135 0.20363636363636362 0.171043771043771
0 0.09676767676767677 0.36902356902356903 0.19353535353535353 0.17104377104377103
0 0.08464646464646465 0.22861952861952864 0.1692929292929293 0.16094276094276094
0 0.07212121212121213 0.11094276094276094 0.14424242424242426 0.12356902356902356