0 0.86846 0.7392198581560284 0.25692000000000004 0.31641843971631206
0 0.53384 0.7501418439716312 0.3723 0.3382269503546099
0 0.1723 0.7692198581560283 0.34154 0.2891489361702128
0 0.42 0.44053191489361704 0.37845999999999996 0.3246099290780142
0 0.7977000000000001 0.40914893617021275 0.36462 0.34368794326241137
0 0.11462 0.44053191489361704 0.22616 0.3246099290780142
0 0.60076 0.13911347517730496 0.12462000000000001 0.2782269503546099
0 0.46692 0.1445744680851064 0.13076 0.2891489361702128
0 0.33308 0.14184397163120568 0.14308 0.28368794326241137
0 0.19846 0.14049645390070922 0.12924000000000002 0.2754964539007092
0 0.06924 0.1323049645390071 0.12924000000000002 0.2591489361702128
0 0.7438400000000001 0.13092198581560285 0.12462000000000001 0.26187943262411345
0 0.8869199999999999 0.1227659574468085 0.12462000000000001 0.24549645390070923