0 0.716 0.27066666666666667 0.272 0.184
0 0.743 0.4493333333333333 0.294 0.168
0 0.741 0.6213333333333333 0.282 0.16533333333333333
0 0.715 0.7693333333333333 0.262 0.152
0 0.703 0.908 0.242 0.14666666666666667
0 0.414 0.26 0.236 0.15733333333333333
0 0.42 0.424 0.248 0.16
0 0.428 0.596 0.256 0.14133333333333334
0 0.433 0.7613333333333333 0.258 0.152
0 0.436 0.8973333333333333 0.24 0.14133333333333334
0 0.178 0.10266666666666667 0.224 0.14666666666666667
0 0.147 0.26 0.246 0.15733333333333333
0 0.14 0.4226666666666667 0.252 0.152
0 0.143 0.5946666666666667 0.258 0.16533333333333333
0 0.14 0.7786666666666666 0.276 0.144
0 0.146 0.916 0.252 0.14666666666666667