0 0.4685789049919485 0.3947003914483589 0.5507850241545893 0.19808792532369773
0 0.5771437198067633 0.7193465823547124 0.4881239935587761 0.19570912375790425
0 0.4562298711755233 0.8730803974706414 0.17016908212560383 0.15940981632038542
0 0.6044082125603865 0.8749171936163807 0.170330112721417 0.16144233664558869
0 0.7450684380032205 0.8675700090334236 0.16121175523349446 0.14920204757603128
0 0.8763788244766506 0.8622026498042759 0.16537842190016103 0.16750978620897317
0 0.6076590177133656 0.9653342366757001 0.4159621578099839 0.06933152664859976
0 0.8933977455716587 0.7170355314664257 0.1698470209339773 0.15534477566997892
0 0.9698570853462157 0.8629253236976814 0.06028582930756853 0.15108401084010847
0 0.9740539452495974 0.9543812104787714 0.05189210950080505 0.053538090936465006
0 0.8815519323671497 0.9617810900331225 0.15412640901771338 0.05977115326708819
0 0.33169283413848627 0.56967780788919 0.17944847020933985 0.1736826257151461
0 0.48314210950080516 0.5613745859680819 0.17896537842190016 0.16758506473953633
0 0.6357890499194847 0.5510463715748269 0.19047906602254433 0.17577536886479977
0 0.8989935587761674 0.7190981632038542 0.16680756843800343 0.1512646793134598
0 0.801147342995169 0.5468834688346883 0.19015700483091813 0.17171032821439333
0 0.9795591787439613 0.7034628124059018 0.04088164251207739 0.16513098464317993
0 0.9391505636070854 0.5447380307136405 0.12169887278582915 0.17363745859680818
0 0.809993961352657 0.36713339355615776 0.198792270531401 0.17785305630834086
0 0.9483293075684379 0.3649352604637157 0.10334138486312405 0.17342667871123163
0 0.2527475845410628 0.1903417645287564 0.23319243156199676 0.23492923818127073
0 0.42441626409017713 0.18011894007828966 0.21080917874396138 0.22667871123155675
0 0.6012781803542673 0.1668774465522433 0.21896135265700484 0.22672387834989458
0 0.7802234299516908 0.16278982234266784 0.20569645732689207 0.23071364046973805
0 0.9162540257648952 0.16557512797350196 0.16237922705313987 0.23250526949713948
0 0.07232286634460547 0.39859981933152666 0.08492351046698873 0.07767238783498946
0 0.06069847020933977 0.47472146943691657 0.0521537842190016 0.07545919903643478
0 0.10801127214170692 0.47193616380608255 0.0825281803542673 0.08172237277928333
0 0.17138687600644123 0.46619241192411925 0.08252818035426734 0.08172237277928333
0 0.08136070853462157 0.5469587473652514 0.0815619967793881 0.06952725082806377
0 0.1379428341384863 0.5411773562180066 0.08683574879227052 0.06752484191508577
0 0.20419685990338166 0.5374811803673591 0.07628824476650564 0.07152965974104177
0 0.08803341384863123 0.6140394459500151 0.07069243156199677 0.0694670280036132
0 0.14469605475040256 0.609274314965372 0.06781400966183573 0.06741945197229754
0 0.20311996779388083 0.6095980126467931 0.07564412238325277 0.06339957844022892
0 0.11036634460547504 0.6730803974706414 0.07020933977455716 0.06336946702800367
0 0.1686292270531401 0.6713715748268593 0.07389291465378425 0.07557964468533582
0 0.2324074074074074 0.6707091237579044 0.08395732689210943 0.06547726588377006
0 0.14528985507246375 0.39392502258355916 0.07884460547504026 0.0695121951219512
0 0.12318840579710144 0.7320686540198736 0.07228260869565216 0.05525444143330329
0 0.18424919484702093 0.7313911472448058 0.05837359098228667 0.051114122252333645
0 0.23939210950080514 0.724585968081903 0.06413043478260876 0.055209274314965404
0 0.30132850241545894 0.7178184281842819 0.06364734299516907 0.04911171333935565
0 0.05458937198067633 0.27761969286359534 0.07053140096618356 0.06743450767841014
0 0.1152475845410628 0.2718608852755194 0.06829710144927534 0.07351701294790727
0 0.04855072463768116 0.20140018066847334 0.0713365539452496 0.07759710930442637
0 0.11121175523349436 0.2037789822342668 0.08236714975845412 0.07968985245408008
0 0.357920692431562 0.04363143631436315 0.55823268921095 0.08638964167419452
0 0.7263586956521739 0.031451370069256246 0.20271739130434788 0.05597711532670882
0 0.8835648148148149 0.027243300210779885 0.136694847020934 0.045453176753989764