0 0.7124293785310735 0.40856873822975515 0.4283113622096673 0.22649089767733843
0 0.29868173258003766 0.3892969240426868 0.4372881355932204 0.23509102322661637
0 0.6876647834274953 0.6121468926553673 0.4283113622096673 0.22649089767733843
0 0.2781544256120527 0.5928123038292529 0.4293157564344005 0.24344005021971127
0 0.8034839924670433 0.8009416195856873 0.1546139359698684 0.18010043942247334
0 0.6596672944130572 0.7988386691776522 0.15461393596986814 0.18010043942247334
0 0.5330508474576271 0.7922473320778405 0.14664155681104835 0.18844946641556826
0 0.3897363465160076 0.7816698053986189 0.1461393596986817 0.1799748901443818
0 0.25015693659761457 0.779504080351538 0.1461393596986817 0.1799748901443816
0 0.12354048964218457 0.7729127432517262 0.13716258631512868 0.17137476459510362
0 0.030508474576271188 0.7704331450094162 0.061016949152542375 0.17099811676082863
0 0.8962021343377276 0.8080351537978656 0.08581293157564332 0.16214689265536716