0 0.5121715076071922 0.7101028806584362 0.7120331950207469 0.5144855967078191
0 0.27233748271092667 0.27952674897119345 0.2673582295988935 0.5112962962962964
0 0.6405255878284924 0.28557613168724283 0.3081604426002766 0.5002880658436214
0 0.8459889349930844 0.2984465020576132 0.30387275242047035 0.49722222222222223
0 0.0892807745504841 0.2826543209876543 0.1785615491009682 0.4875308641975309
0 0.08326417704011065 0.7121810699588477 0.1665283540802213 0.4465843621399176
0 0.9175656984785615 0.6797119341563785 0.12365145228215749 0.40720164609053505
0 0.870539419087137 0.9190123456790124 0.18118948824343 0.16197530864197537
0 0.6796680497925311 0.9411574074074074 0.20650069156293216 0.11768518518518521
0 0.4660442600276625 0.946275720164609 0.20594744121715072 0.10744855967078182
0 0.27247579529737204 0.952366255144033 0.18810511756569842 0.09526748971193418
0 0.0780774550484094 0.953641975308642 0.1561549100968188 0.09271604938271594