0 0.7035123966942148 0.18176795580110497 0.29132231404958675 0.24972375690607737
0 0.7427685950413223 0.3592081031307551 0.3140495867768595 0.23793738489871086
0 0.7520661157024794 0.5365561694290977 0.30165289256198347 0.23130755064456726
0 0.7355371900826446 0.6941068139963167 0.27892561983471076 0.212707182320442
0 0.7324380165289256 0.8352670349907919 0.25826446280991733 0.1970534069981585
0 0.3915289256198347 0.23581952117863722 0.25413223140495866 0.21325966850828726
0 0.4090909090909091 0.40276243093922653 0.2665289256198347 0.21988950276243097
0 0.4287190082644628 0.576427255985267 0.2727272727272727 0.20110497237569064
0 0.4452479338842975 0.7448434622467771 0.27479338842975204 0.2123388581952118
0 0.45661157024793386 0.8778084714548803 0.256198347107438 0.18581952117863715
0 0.1384297520661157 0.12440147329650093 0.2396694214876033 0.20092081031307552
0 0.12396694214876033 0.2914364640883978 0.24793388429752067 0.212707182320442
0 0.12706611570247933 0.45828729281767955 0.25413223140495866 0.21049723756906075
0 0.1384297520661157 0.6354511970534069 0.2706611570247934 0.2257826887661142
0 0.15392561983471073 0.8232965009208102 0.27479338842975204 0.20405156537753194
0 0.1590909090909091 0.9291896869244936 0.26859504132231404 0.13720073664825036