0 0.62172 0.3605988023952096 0.52696 0.3983233532934132
0 0.28868 0.7562874251497006 0.51828 0.4035329341317365
0 0.6426000000000001 0.7446107784431137 0.16172 0.3697005988023952
0 0.26348 0.3579640718562874 0.17912 0.4139520958083832
0 0.79912 0.719880239520958 0.15480000000000002 0.3306586826347305
0 0.0948 0.36706586826347304 0.17216 0.4061676646706587
0 0.94784 0.6586826347305389 0.10088 0.4321556886227545
0 0.94 0.2629341317365269 0.11304 0.36449101796407185
0 0.65132 0.06898203592814371 0.15828 0.13796407185628742
0 0.82 0.06640718562874251 0.15131999999999998 0.13275449101796408
0 0.26172 0.09239520958083833 0.5130399999999999 0.1848502994011976