0 0.19221491228070176 0.6425108932461874 0.3187621832358674 0.38077342047930285
0 0.27808235867446396 0.868545751633987 0.3328703703703703 0.26290849673202615
0 0.6047149122807017 0.842892156862745 0.31508284600389863 0.3142156862745099
0 0.06319444444444444 0.9085239651416122 0.12638888888888888 0.18295206971677574
0 0.496698343079922 0.5927015250544663 0.3088937621832358 0.3801198257080609
0 0.009624756335282652 0.6775599128540305 0.019249512670565305 0.3257080610021787
0 0.2627071150097466 0.3451797385620915 0.30560428849902527 0.37990196078431365
0 0.5676778752436648 0.2769880174291939 0.30250974658869384 0.387037037037037
0 0.06421783625730994 0.38681917211328976 0.12843567251461988 0.2883442265795207
0 0.3595029239766082 0.1122004357298475 0.264546783625731 0.193681917211329
0 0.11435185185185186 0.16571350762527234 0.22870370370370371 0.21377995642701528
0 0.8905823586744638 0.5267156862745098 0.20557992202729053 0.446677559912854