0 0.4326063829787234 0.172 0.8581382978723405 0.344
0 0.6702127659574468 0.468 0.2553191489361702 0.26932
0 0.3971808510638298 0.48268 0.2765957446808511 0.29331999999999997
0 0.13654255319148936 0.484 0.26595744680851063 0.30132
0 0.41132978723404257 0.7253200000000001 0.7021276595744681 0.256
0 0.9219680851063831 0.172 0.14893617021276595 0.33868
0 0.9219680851063831 0.48532 0.14893617021276595 0.28268
0 0.9025 0.72668 0.1879255319148936 0.22132
0 0.6418617021276596 0.904 0.20569148936170215 0.17068
0 0.42377659574468085 0.908 0.21632978723404256 0.16268000000000002
0 0.1879255319148936 0.92132 0.23404255319148937 0.14668