0 0.523 0.6786666666666666 0.642 0.376
0 0.299 0.24533333333333332 0.206 0.4746666666666667
0 0.654 0.2653333333333333 0.244 0.4613333333333333
0 0.859 0.28933333333333333 0.258 0.456
0 0.092 0.244 0.184 0.44533333333333336
0 0.084 0.6613333333333333 0.168 0.4
0 0.934 0.6693333333333333 0.116 0.37333333333333335
0 0.886 0.9186666666666666 0.2 0.16266666666666665
0 0.68 0.9346666666666666 0.184 0.13066666666666665
0 0.474 0.9346666666666666 0.184 0.13066666666666665
0 0.288 0.9333333333333333 0.168 0.12266666666666666
0 0.086 0.932 0.168 0.136