0 0.548 0.37733333333333335 0.364 0.232
0 0.278 0.656 0.496 0.336
0 0.683 0.6253333333333333 0.306 0.232
0 0.917 0.6026666666666667 0.162 0.14933333333333335
0 0.445 0.8866666666666667 0.134 0.22133333333333333
0 0.264 0.9146666666666666 0.18 0.17066666666666666
0 0.841 0.8306666666666667 0.058 0.17866666666666667
0 0.562 0.884 0.084 0.22133333333333333
0 0.754 0.828 0.076 0.22133333333333333
0 0.078 0.9293333333333333 0.152 0.136
0 0.96 0.7573333333333333 0.04 0.14933333333333335
0 0.911 0.7666666666666667 0.042 0.16266666666666665