0 0.6581196581196581 0.210984126984127 0.19658119658119658 0.3886984126984127
0 0.5128205128205128 0.21095238095238095 0.18376068376068377 0.39688888888888896
0 0.3782051282051282 0.22695238095238096 0.1794871794871795 0.41390476190476194
0 0.26495726495726496 0.2778730158730158 0.16880341880341881 0.40215873015873016
0 0.15705128205128205 0.3175238095238095 0.16025641025641027 0.3733333333333334
0 0.7222222222222222 0.620031746031746 0.16880341880341881 0.3650158730158731
0 0.5918803418803419 0.6375873015873016 0.17307692307692307 0.385142857142857
0 0.4551282051282051 0.654952380952381 0.1581196581196581 0.39041269841269843
0 0.32371794871794873 0.6739047619047619 0.16880341880341881 0.39644444444444454
0 0.21581196581196582 0.6921269841269841 0.15598290598290598 0.3674920634920634
0 0.8728632478632479 0.8573650793650793 0.12179487179487179 0.19790476190476186
0 0.7585470085470085 0.8953968253968255 0.14316239316239315 0.1756825396825395
0 0.6303418803418803 0.9197619047619047 0.1388888888888889 0.1604761904761907
0 0.4935897435897436 0.9290793650793652 0.14957264957264957 0.14184126984126968
0 0.3472222222222222 0.9398730158730157 0.1346153846153846 0.12025396825396846
0 0.24252136752136752 0.9554920634920635 0.13034188034188035 0.08901587301587305