0 0.3018878419055097 0.7275258474021725 0.3290734197094622 0.45026828949090414
0 0.5730041879335166 0.8390459363957596 0.27761418662478743 0.31562622693364734
0 0.5248331370239497 0.4798226671901584 0.30867687475461325 0.44481743227326265
0 0.8172817694019107 0.7192906687606334 0.3174977097238581 0.4439994765083107
0 0.7532620075906296 0.30408323517864155 0.3024931291715744 0.44477162675042525
0 0.9759815469179427 0.7816745190420102 0.04803690616411461 0.3113794006020153
0 0.9455863106923178 0.4210116476900929 0.10882737861536441 0.4027745059547179
0 0.9058336605156393 0.11040439733019237 0.13145530689700308 0.22080879466038475
0 0.4650307551367622 0.14280526109148017 0.2887187540897788 0.28561052218296035
0 0.217517340662217 0.3102604371155608 0.30412904070147884 0.4359507917811804
0 0.7097925664180081 0.05664834445753174 0.28707629891375475 0.11329668891506348
0 0.18874820049731708 0.06795576495223139 0.2611830912184269 0.10086376128778955
0 0.34115299044627667 0.9626848580028791 0.24485015050386078 0.07159403219473914
0 0.08234197094621122 0.5785172097892947 0.15413558434759847 0.4472058631069231
0 0.12134210181913362 0.8852408061772019 0.1579701609736945 0.22906033241722268