0 0.7 0.284725 0.39444166666666663 0.25833333333333336
0 0.8486083333333334 0.5236083333333333 0.2916666666666667 0.225
0 0.49583333333333335 0.525 0.39166666666666666 0.23889166666666667
0 0.7555583333333333 0.7680583333333333 0.3888916666666667 0.247225
0 0.359725 0.7611083333333334 0.39166666666666666 0.23333333333333334
0 0.8416666666666667 0.9527749999999999 0.29444166666666666 0.09444166666666666
0 0.4944416666666667 0.95 0.37222500000000003 0.1
0 0.15 0.9416666666666667 0.29444166666666666 0.10555833333333334
0 0.147225 0.5138916666666666 0.29444166666666666 0.23889166666666667
0 0.3 0.25972500000000004 0.38333333333333336 0.2361083333333333
0 0.08055833333333333 0.7555583333333333 0.16110833333333335 0.25555833333333333
0 0.05416666666666667 0.2638916666666667 0.097225 0.23889166666666667
0 0.9527749999999999 0.28889166666666666 0.09444166666666666 0.222225
0 0.5333333333333333 0.072225 0.4111083333333333 0.1444416666666667
0 0.8611083333333333 0.075 0.272225 0.15