0 0.24762465645857873 0.6380447585394582 0.3770906949352179 0.48802512760109945
0 0.46171967020023563 0.8217412642324302 0.30828425598743614 0.3305261091480173
0 0.5437966234786022 0.47632508833922266 0.3565959952885749 0.47917157440125635
0 0.73373576756969 0.7667648213584609 0.36319199057714946 0.41857086768747553
0 0.8198566941499804 0.38447192775814687 0.3503926187671772 0.4780133490380841
0 0.8879466038476639 0.8620435806831566 0.13957597173144876 0.20477031802120157
0 0.9399784059678054 0.5604534746760895 0.1200431880643894 0.405908912446015
0 0.9800844130349431 0.21842363564978404 0.03983117393011392 0.2942873969375736
0 0.6100019630938359 0.14990184530820574 0.3207106399685905 0.2998036906164115
0 0.3151943462897527 0.22591774636827638 0.35109933254809583 0.45183549273655277
0 0.8627306635257165 0.10964860620337652 0.274538672948567 0.21101295641931683
0 0.37477424420887323 0.02421476246564586 0.2654495484884178 0.04842952493129172
0 0.1957106399685905 0.8883882999607381 0.249332548095799 0.1399293286219082
0 0.10130545740086377 0.4203867294856694 0.19381625441696113 0.46134668237141735
0 0.06086572438162545 0.7493619945033373 0.09479780133490383 0.2945622300745975