1 0.412500 0.181250 0.145000 0.229167
1 0.530500 0.396625 0.125000 0.184917
1 0.329500 0.377354 0.115000 0.179708
1 0.609000 0.582292 0.130000 0.156250
1 0.441000 0.557292 0.130000 0.156250
1 0.273760 0.539333 0.107520 0.153667
1 0.693000 0.735146 0.130000 0.153625
1 0.522760 0.720833 0.117520 0.125000
1 0.360260 0.689854 0.112520 0.138042
1 0.199500 0.674750 0.095000 0.132833
1 0.771500 0.885687 0.135000 0.138042
1 0.602760 0.858604 0.117520 0.117208
1 0.434260 0.830479 0.092520 0.127625
1 0.299500 0.816937 0.095000 0.117208
1 0.158000 0.786458 0.100000 0.114583
