1 0.970670 0.336000 0.057340 0.400000
1 0.900670 0.368000 0.093340 0.400000
1 0.804000 0.416000 0.100000 0.408000
1 0.684670 0.466660 0.105340 0.421320
1 0.284000 0.550660 0.492000 0.397320
1 0.337330 0.910660 0.230660 0.181320
1 0.548000 0.869340 0.204000 0.258680
1 0.110670 0.941340 0.221340 0.114680
1 0.882000 0.097340 0.100000 0.194680
1 0.774000 0.118660 0.108000 0.237320
1 0.659330 0.148000 0.118660 0.296000
1 0.535330 0.096000 0.130660 0.192000
1 0.398000 0.102660 0.136000 0.205320
1 0.261330 0.105340 0.134660 0.210680
1 0.965330 0.082660 0.070660 0.157320
