1 0.843750 0.752091 0.312500 0.124095
1 0.508125 0.750649 0.362500 0.121212
1 0.165834 0.748918 0.322919 0.129870
1 0.702291 0.867242 0.358331 0.106779
1 0.340416 0.866957 0.352081 0.118329
1 0.693959 0.624532 0.366669 0.118329
1 0.333541 0.624532 0.358331 0.118329
1 0.081041 0.865801 0.158331 0.103896
1 0.940416 0.868398 0.114581 0.103896
1 0.076250 0.617316 0.143750 0.121212
1 0.939584 0.623377 0.116669 0.121212
1 0.842500 0.496104 0.306250 0.121212
1 0.508125 0.493797 0.362500 0.126987
1 0.163334 0.493506 0.322919 0.121212
1 0.697084 0.366234 0.360419 0.121212
1 0.331459 0.370853 0.366669 0.118329
1 0.076250 0.365078 0.143750 0.124095
1 0.941459 0.366234 0.116669 0.121212
1 0.510416 0.239827 0.358331 0.121212
1 0.162500 0.235208 0.325000 0.124095
1 0.845625 0.242424 0.300000 0.121212
1 0.317709 0.114286 0.360419 0.129870
1 0.687500 0.114286 0.362500 0.129870
1 0.947084 0.113996 0.097919 0.124095
1 0.068541 0.103896 0.133331 0.121212
