1 0.888334 0.126983 0.210419 0.184701
1 0.678125 0.151225 0.206250 0.176043
1 0.458334 0.156134 0.216669 0.178935
1 0.234584 0.149784 0.210419 0.173160
1 0.891666 0.311978 0.208331 0.196251
1 0.678125 0.325831 0.218750 0.196251
1 0.643541 0.520636 0.220831 0.187593
1 0.885209 0.681095 0.216669 0.202017
1 0.669584 0.703896 0.222919 0.190476
1 0.429166 0.529580 0.220831 0.176043
1 0.888541 0.849641 0.214581 0.152961
1 0.665834 0.858874 0.210419 0.129870
1 0.448750 0.859740 0.218750 0.121212
1 0.222916 0.854255 0.220831 0.132753
1 0.215834 0.516307 0.210419 0.178935
1 0.440834 0.710247 0.210419 0.161619
1 0.212709 0.698701 0.216669 0.173160
1 0.865625 0.495238 0.218750 0.199134
1 0.342500 0.333333 0.443750 0.181818
1 0.061459 0.143147 0.122919 0.187593
1 0.060416 0.324675 0.120831 0.181818
1 0.052916 0.509091 0.102081 0.181818
1 0.050209 0.691199 0.091669 0.170277
1 0.053959 0.856853 0.104169 0.150069
