1 0.844000 0.590090 0.200000 0.565723
1 0.661560 0.568614 0.179120 0.570964
1 0.485220 0.535361 0.170440 0.552651
1 0.313920 0.517289 0.187840 0.552651
1 0.150260 0.528825 0.196520 0.539578
1 0.847820 0.097169 0.175640 0.110000
1 0.819660 0.193042 0.151320 0.096928
1 0.698780 0.086446 0.149560 0.112651
1 0.677220 0.193042 0.130440 0.096928
1 0.553920 0.081988 0.147840 0.091687
1 0.407820 0.082500 0.135640 0.104759
1 0.262780 0.086446 0.149560 0.112651
1 0.547480 0.168404 0.126960 0.083795
1 0.420860 0.172590 0.121720 0.068072
1 0.292340 0.176536 0.128680 0.075964
