1 0.872967 0.883050 0.159267 0.236100
1 0.730000 0.351112 0.133333 0.197225
1 0.738517 0.602225 0.137033 0.219450
1 0.598517 0.875550 0.170367 0.236100
1 0.307033 0.886112 0.140733 0.222225
1 0.516300 0.597500 0.159267 0.225000
1 0.295550 0.588612 0.144433 0.222225
1 0.521850 0.339162 0.137033 0.183325
1 0.309633 0.325838 0.125933 0.191675
1 0.094817 0.315837 0.129633 0.191675
1 0.060733 0.594725 0.114800 0.219450
1 0.050000 0.883050 0.100000 0.236100
1 0.960000 0.339725 0.066667 0.194450
1 0.952600 0.584163 0.085200 0.208325
