1 0.913846 0.124608 0.169231 0.159352
1 0.908077 0.283960 0.180769 0.154127
1 0.904808 0.449843 0.186538 0.161964
1 0.896538 0.612591 0.203846 0.159352
1 0.898462 0.768025 0.200000 0.156740
1 0.706154 0.774556 0.176923 0.159352
1 0.734615 0.131139 0.176923 0.151515
1 0.732115 0.293887 0.167308 0.148903
1 0.723462 0.451149 0.173077 0.164577
1 0.703269 0.611285 0.171154 0.156740
1 0.525000 0.135841 0.226923 0.146290
1 0.524423 0.293887 0.236538 0.159352
1 0.515769 0.455068 0.234615 0.161964
1 0.494615 0.615204 0.238462 0.164577
1 0.492308 0.782393 0.230769 0.154127
1 0.317308 0.133229 0.180769 0.161964
1 0.311923 0.292581 0.180769 0.156740
1 0.300385 0.455852 0.180769 0.159352
1 0.280769 0.619122 0.176923 0.161964
1 0.280769 0.784222 0.184615 0.161964
1 0.111538 0.129833 0.215385 0.148903
1 0.109038 0.289969 0.213462 0.151515
1 0.108077 0.451149 0.203846 0.154127
1 0.096154 0.619122 0.184615 0.161964
1 0.088462 0.778997 0.169231 0.172414
