1 0.247423 0.526390 0.381443 0.164749
1 0.261160 0.261255 0.388299 0.128687
1 0.256005 0.389961 0.377990 0.131274
1 0.663222 0.400251 0.161495 0.244517
1 0.869407 0.462027 0.161495 0.229073
1 0.180412 0.797934 0.226804 0.244517
1 0.683840 0.797934 0.336753 0.136409
1 0.467345 0.920212 0.285206 0.141583
1 0.286933 0.061776 0.336753 0.123552
1 0.591057 0.138996 0.223351 0.216216
1 0.922680 0.221371 0.144330 0.218803
1 0.321314 0.732297 0.209639 0.229073
1 0.749149 0.951100 0.250876 0.087529
1 0.793814 0.182761 0.216495 0.203359
1 0.539510 0.674382 0.151186 0.198185
