1 0.907590 0.127451 0.177925 0.196078
1 0.697712 0.135895 0.228758 0.193358
1 0.449894 0.138346 0.223317 0.193358
1 0.212239 0.122549 0.225131 0.196078
1 0.899420 0.322169 0.194265 0.193358
1 0.682100 0.322169 0.226944 0.193358
1 0.450074 0.335245 0.226944 0.185196
1 0.215866 0.319988 0.232386 0.198799
1 0.046299 0.125000 0.092598 0.196078
1 0.052108 0.322439 0.094412 0.198799
1 0.051740 0.524510 0.103480 0.196078
1 0.057917 0.717047 0.112565 0.198799
1 0.055196 0.905233 0.107124 0.187917
1 0.898513 0.516336 0.192451 0.204240
1 0.679739 0.522328 0.228758 0.201520
1 0.450433 0.523419 0.217859 0.198799
1 0.225490 0.519608 0.228758 0.196078
1 0.898873 0.709694 0.202974 0.198799
1 0.678464 0.712966 0.236013 0.190637
1 0.449894 0.711875 0.223317 0.193358
1 0.224763 0.712966 0.230572 0.190637
1 0.895784 0.900600 0.203333 0.193358
1 0.672116 0.903591 0.223317 0.179730
1 0.448799 0.902782 0.217859 0.187917
1 0.222222 0.901961 0.228758 0.196078
