1 0.698007 0.328904 0.141111 0.079157
1 0.552737 0.326868 0.138154 0.091938
1 0.246879 0.318694 0.144085 0.086826
1 0.102647 0.315112 0.136667 0.074045
1 0.835417 0.329157 0.138154 0.074045
1 0.953799 0.325590 0.090605 0.089382
1 0.908791 0.403216 0.141111 0.081713
1 0.765000 0.400660 0.141111 0.076601
1 0.622255 0.410365 0.136667 0.079157
1 0.477271 0.407556 0.144085 0.079157
1 0.327688 0.397851 0.145572 0.076601
1 0.177214 0.399382 0.148546 0.074045
1 0.049763 0.397346 0.099526 0.086826
1 0.849967 0.481868 0.141111 0.081713
1 0.707067 0.489017 0.139624 0.079157
1 0.562982 0.491826 0.145572 0.079157
1 0.418595 0.483146 0.141111 0.084270
1 0.271242 0.477781 0.147059 0.079157
1 0.116609 0.477528 0.151520 0.084270
1 0.960188 0.486461 0.077239 0.074045
1 0.912214 0.563329 0.138154 0.081713
1 0.770792 0.567416 0.139624 0.084270
1 0.630719 0.568694 0.147059 0.086826
1 0.486332 0.570478 0.142598 0.079157
1 0.339126 0.563329 0.145572 0.081713
1 0.190580 0.563076 0.142598 0.086826
1 0.057190 0.560520 0.114379 0.081713
1 0.960041 0.645042 0.080212 0.076601
1 0.846699 0.643511 0.141111 0.079157
1 0.703799 0.647851 0.139624 0.076601
1 0.559714 0.650660 0.145572 0.076601
1 0.413105 0.647598 0.136667 0.081713
1 0.273023 0.642233 0.144085 0.076601
1 0.122696 0.641728 0.144085 0.086826
1 0.024510 0.646067 0.049020 0.084270
1 0.914739 0.725225 0.136667 0.074045
1 0.771536 0.731868 0.141111 0.081713
1 0.626855 0.726503 0.142598 0.076601
1 0.483954 0.730590 0.141111 0.079157
1 0.339420 0.729059 0.139624 0.081713
1 0.193848 0.724972 0.142598 0.079157
1 0.061054 0.724719 0.118840 0.084270
1 0.962124 0.807711 0.071307 0.081713
1 0.853391 0.805154 0.138154 0.076601
1 0.712868 0.811798 0.138154 0.084270
1 0.568922 0.807963 0.141111 0.076601
1 0.422606 0.807963 0.142598 0.076601
1 0.278521 0.807711 0.148546 0.081713
1 0.127304 0.806685 0.150033 0.074045
1 0.024657 0.809494 0.046046 0.074045
1 0.909093 0.890702 0.135180 0.079157
1 0.771095 0.890197 0.133693 0.089382
1 0.630270 0.890702 0.139624 0.079157
1 0.486332 0.887640 0.142598 0.084270
1 0.336748 0.887640 0.144085 0.084270
1 0.189248 0.891980 0.153007 0.081713
1 0.059714 0.889171 0.112892 0.081713
