1 0.910678 0.615561 0.177565 0.251716
1 0.671209 0.860915 0.254183 0.238993
1 0.423750 0.853799 0.239657 0.233913
1 0.188815 0.629039 0.214232 0.223753
1 0.689722 0.378341 0.248725 0.244096
1 0.435188 0.397666 0.239657 0.241556
1 0.916667 0.137048 0.163399 0.223753
1 0.210425 0.189680 0.221503 0.223753
1 0.942263 0.861430 0.087141 0.249176
1 0.848399 0.858375 0.088954 0.233913
1 0.263072 0.849737 0.065359 0.221213
1 0.190997 0.847185 0.061732 0.216110
1 0.106569 0.855069 0.072614 0.213570
1 0.032500 0.840835 0.061732 0.226293
1 0.773603 0.617849 0.079886 0.228833
1 0.684820 0.617849 0.085327 0.228833
1 0.594771 0.625732 0.081699 0.226293
1 0.512345 0.624462 0.083513 0.223753
1 0.427377 0.627254 0.067173 0.211030
1 0.350221 0.630812 0.076258 0.213570
1 0.039763 0.624714 0.059918 0.205950
1 0.267794 0.407574 0.078072 0.211030
1 0.196806 0.405801 0.063546 0.198330
1 0.122369 0.413936 0.061732 0.200870
1 0.037941 0.411133 0.072614 0.213570
1 0.941536 0.372998 0.088954 0.228833
1 0.855302 0.373249 0.079886 0.233913
1 0.786855 0.140092 0.083513 0.216110
1 0.701528 0.146705 0.076258 0.233913
1 0.616920 0.160435 0.083513 0.211030
1 0.439902 0.172391 0.072614 0.221213
1 0.527051 0.159680 0.083513 0.218673
1 0.360204 0.181545 0.063546 0.198330
1 0.053194 0.197815 0.067173 0.203410
