1 0.903235 0.786225 0.074444 0.062647
1 0.819534 0.787586 0.083513 0.065368
1 0.714959 0.788946 0.083513 0.068088
1 0.627451 0.793848 0.081699 0.068088
1 0.543031 0.792488 0.076258 0.065368
1 0.439542 0.786765 0.081699 0.073529
1 0.356029 0.788676 0.078072 0.062647
1 0.275417 0.791127 0.083513 0.062647
1 0.166846 0.790037 0.085327 0.065368
1 0.076797 0.793578 0.081699 0.062647
1 0.902688 0.717598 0.079886 0.062647
1 0.820441 0.717598 0.085327 0.062647
1 0.716593 0.718958 0.083513 0.065368
1 0.626364 0.722500 0.076258 0.062647
1 0.537761 0.722770 0.085327 0.068088
1 0.442810 0.716507 0.081699 0.065368
1 0.351307 0.723860 0.081699 0.065368
1 0.268701 0.722218 0.079886 0.057181
1 0.161405 0.725221 0.074444 0.068088
1 0.066993 0.723309 0.081699 0.054461
1 0.894518 0.652782 0.079886 0.065368
1 0.794477 0.651691 0.088954 0.068088
1 0.712239 0.651691 0.078072 0.068088
1 0.627451 0.652782 0.081699 0.065368
1 0.537761 0.651422 0.085327 0.062647
1 0.439542 0.650049 0.081699 0.059902
1 0.354755 0.651691 0.085327 0.068088
1 0.262892 0.658775 0.078072 0.062647
1 0.158317 0.658775 0.078072 0.062647
1 0.068987 0.658775 0.072614 0.062647
1 0.891430 0.583064 0.083513 0.068088
1 0.797206 0.583873 0.078072 0.059902
1 0.710057 0.581973 0.083513 0.070809
1 0.623096 0.584424 0.076258 0.070809
1 0.533039 0.590417 0.088954 0.068088
1 0.257083 0.596409 0.076258 0.065368
1 0.156683 0.594767 0.078072 0.057181
1 0.071716 0.592598 0.078072 0.062647
1 0.266887 0.527500 0.076258 0.059902
1 0.171021 0.527782 0.087141 0.065368
1 0.084967 0.523971 0.081699 0.062647
1 0.533587 0.516887 0.083513 0.068088
1 0.900327 0.516887 0.081699 0.068088
1 0.802288 0.515527 0.081699 0.065368
1 0.702067 0.516618 0.070801 0.062647
1 0.620735 0.515245 0.078072 0.059902
1 0.905229 0.446078 0.081699 0.073529
1 0.803742 0.450980 0.078072 0.073529
1 0.714959 0.447708 0.083513 0.057181
1 0.630719 0.448260 0.081699 0.068088
1 0.528685 0.447990 0.083513 0.062647
1 0.262525 0.463775 0.070801 0.059902
1 0.174837 0.463775 0.081699 0.059902
1 0.084788 0.462696 0.078072 0.062647
1 0.218227 0.391066 0.165212 0.076250
1 0.089142 0.391887 0.083513 0.068088
1 0.393791 0.452071 0.179739 0.070809
1 0.091683 0.326801 0.085327 0.065368
1 0.667941 0.382083 0.172484 0.068088
1 0.853848 0.379081 0.165212 0.057181
1 0.350580 0.379363 0.083513 0.062647
1 0.851487 0.313725 0.167026 0.073529
1 0.672296 0.312096 0.177925 0.065368
1 0.220041 0.323260 0.168840 0.068088
1 0.850580 0.243468 0.165212 0.065368
1 0.532320 0.248640 0.090784 0.070809
1 0.446258 0.247010 0.085327 0.062647
1 0.357116 0.251912 0.083513 0.062647
1 0.272149 0.257083 0.083513 0.068088
1 0.181373 0.260343 0.081699 0.059902
1 0.089690 0.258983 0.078072 0.057181
1 0.350760 0.314265 0.087141 0.059902
1 0.528864 0.314265 0.087141 0.059902
1 0.445351 0.310735 0.083513 0.062647
1 0.491471 0.374730 0.172484 0.068088
1 0.396152 0.586605 0.177925 0.065368
1 0.399967 0.522880 0.172484 0.065368
1 0.673562 0.239926 0.170654 0.068088
1 0.679559 0.139436 0.094412 0.068088
1 0.197533 0.199069 0.061732 0.059902
1 0.505082 0.190355 0.150686 0.057181
1 0.337688 0.184914 0.119820 0.070809
1 0.758170 0.148689 0.065359 0.057181
1 0.622190 0.189265 0.074444 0.035392
1 0.699526 0.191716 0.068987 0.035392
