1 0.617647 0.564816 0.065359 0.168848
1 0.641070 0.904681 0.059918 0.177010
1 0.596046 0.735025 0.156144 0.166127
1 0.577884 0.898150 0.054461 0.168848
1 0.515253 0.890245 0.059918 0.157941
1 0.452067 0.877721 0.054461 0.152500
1 0.390703 0.868186 0.052647 0.157941
1 0.332059 0.864657 0.056275 0.160686
1 0.264706 0.854032 0.065359 0.168848
1 0.203701 0.845049 0.054461 0.160686
1 0.469314 0.717047 0.056275 0.174289
1 0.400327 0.710515 0.049020 0.166127
1 0.340956 0.698529 0.054461 0.171569
1 0.237475 0.682463 0.141618 0.168848
1 0.600948 0.391887 0.156144 0.166127
1 0.511438 0.558554 0.065359 0.166127
1 0.449894 0.542488 0.059918 0.163407
1 0.391609 0.541667 0.054461 0.147059
1 0.330065 0.529142 0.049020 0.166127
1 0.261618 0.508174 0.052647 0.163407
1 0.206430 0.512525 0.059918 0.177010
1 0.231119 0.343407 0.145245 0.177010
1 0.485294 0.389167 0.065359 0.160686
1 0.409224 0.378272 0.063546 0.163407
1 0.342051 0.363284 0.059918 0.157941
1 0.639975 0.212414 0.103480 0.179730
1 0.539763 0.215686 0.059918 0.171569
1 0.469134 0.216225 0.068987 0.157941
1 0.401413 0.202892 0.054461 0.160686
1 0.339869 0.199620 0.065359 0.168848
