1 0.702000 0.424250 0.400000 0.192500
1 0.305750 0.426000 0.387500 0.200000
1 0.702250 0.613000 0.392500 0.190000
1 0.310750 0.620000 0.377500 0.200000
1 0.945750 0.787000 0.107500 0.150000
1 0.824500 0.789500 0.125000 0.155000
1 0.700500 0.786750 0.125000 0.157500
1 0.570750 0.784500 0.117500 0.165000
1 0.442000 0.785750 0.120000 0.167500
1 0.309500 0.790000 0.115000 0.160000
1 0.196000 0.792500 0.120000 0.165000
1 0.072500 0.796250 0.125000 0.152500
1 0.064500 0.562000 0.065000 0.100000
1 0.956000 0.545500 0.060000 0.095000
1 0.945000 0.469750 0.070000 0.047500
