1 0.479330 0.181340 0.326660 0.338680
1 0.293330 0.818660 0.110660 0.269320
1 0.591330 0.480000 0.278660 0.288000
1 0.104710 0.108820 0.097420 0.089640
1 0.235590 0.097900 0.031180 0.083800
1 0.285280 0.100040 0.054560 0.072080
1 0.203150 0.100820 0.026300 0.089640
1 0.172080 0.101680 0.032160 0.099360
1 0.265590 0.030200 0.031180 0.060400
1 0.297100 0.031180 0.030200 0.062360
1 0.196760 0.027280 0.093520 0.054560
1 0.131590 0.032160 0.031180 0.064320
1 0.065050 0.031180 0.034100 0.062360
1 0.097590 0.032160 0.031180 0.064320
1 0.023380 0.031180 0.046760 0.062360
1 0.028790 0.106760 0.053580 0.093520
1 0.277300 0.461680 0.166600 0.403360
1 0.555840 0.722860 0.163680 0.389720
