1 0.326880 0.542489 0.093760 0.258311
1 0.335500 0.835289 0.335000 0.319467
1 0.571380 0.874733 0.098760 0.247244
1 0.904880 0.884444 0.093760 0.222222
1 0.798130 0.875289 0.076260 0.230578
1 0.681000 0.875000 0.110000 0.238889
1 0.421630 0.562222 0.091260 0.244444
1 0.517880 0.591111 0.083760 0.266667
1 0.615750 0.568333 0.087500 0.283333
1 0.458000 0.311111 0.220000 0.222222
1 0.709000 0.582778 0.090000 0.294444
1 0.892380 0.555267 0.088760 0.274978
1 0.804880 0.579444 0.093760 0.305556
1 0.976000 0.853889 0.040000 0.294444
