1 0.324500 0.167777 0.645000 0.335553
1 0.324750 0.507684 0.637500 0.322746
1 0.516250 0.852715 0.212500 0.279201
1 0.298750 0.856814 0.217500 0.279201
1 0.092500 0.858607 0.185000 0.282787
1 0.754290 0.099150 0.088580 0.038463
1 0.757550 0.143207 0.099100 0.044611
1 0.762540 0.193668 0.093080 0.043074
1 0.768540 0.241568 0.093080 0.044611
1 0.779540 0.292285 0.087080 0.047684
1 0.789790 0.337879 0.091580 0.044611
1 0.789790 0.383730 0.091580 0.046148
1 0.800040 0.428555 0.084080 0.041537
1 0.801790 0.475174 0.079580 0.044611
1 0.691790 0.382961 0.079580 0.044611
1 0.710290 0.426506 0.088580 0.041537
1 0.714800 0.480553 0.097600 0.043074
1 0.692290 0.292541 0.088580 0.040000
1 0.694540 0.334293 0.081080 0.041537
1 0.737800 0.526916 0.103600 0.041537
1 0.834790 0.529990 0.085580 0.035389
1 0.686030 0.240031 0.072060 0.041537
1 0.839280 0.098893 0.070560 0.033852
1 0.848290 0.183678 0.076580 0.035389
1 0.852530 0.225943 0.069060 0.033852
1 0.854280 0.268463 0.064560 0.036926
1 0.863290 0.308166 0.082580 0.038463
1 0.876290 0.352736 0.076580 0.041537
1 0.879540 0.406783 0.075080 0.043074
1 0.878790 0.445205 0.073580 0.046148
1 0.907030 0.101455 0.066060 0.043074
1 0.845280 0.140133 0.070560 0.038463
1 0.680280 0.106578 0.064560 0.049221
1 0.679280 0.151404 0.058560 0.044611
1 0.679530 0.192900 0.063060 0.041537
1 0.921790 0.140902 0.079580 0.040000
1 0.932040 0.183166 0.084080 0.038463
1 0.945790 0.226967 0.091580 0.040000
1 0.938040 0.270512 0.084080 0.036926
1 0.951540 0.320205 0.087080 0.046148
1 0.956540 0.364006 0.081080 0.035389
1 0.957790 0.406527 0.079580 0.038463
1 0.958290 0.448023 0.076580 0.047684
1 0.969780 0.104273 0.055560 0.032316
1 0.980790 0.148330 0.037580 0.038463
1 0.985260 0.188033 0.022520 0.040000
