1 0.548333 0.388000 0.510000 0.160000
1 0.503333 0.711250 0.446667 0.162500
1 0.651333 0.853750 0.140000 0.147500
1 0.507333 0.865000 0.140000 0.150000
1 0.369000 0.866750 0.130000 0.137500
1 0.238333 0.867500 0.130000 0.155000
1 0.521000 0.967250 0.396667 0.062500
1 0.192667 0.728500 0.140000 0.145000
1 0.095000 0.878000 0.136667 0.140000
1 0.116333 0.974250 0.136667 0.052500
1 0.254000 0.969500 0.140000 0.055000
1 0.714333 0.551250 0.143333 0.162500
1 0.565000 0.553500 0.143333 0.155000
1 0.412667 0.551250 0.153333 0.162500
1 0.188333 0.730000 0.136667 0.140000
1 0.250000 0.556750 0.153333 0.157500
1 0.059667 0.725500 0.103333 0.155000
1 0.086667 0.563250 0.146667 0.162500
1 0.209667 0.382500 0.163333 0.165000
1 0.054333 0.389250 0.103333 0.162500
1 0.720000 0.176750 0.186667 0.217500
1 0.550000 0.176250 0.166667 0.212500
1 0.374667 0.174250 0.173333 0.212500
1 0.197333 0.179500 0.160000 0.215000
1 0.061667 0.191250 0.123333 0.222500
1 0.935587 0.367960 0.068507 0.071920
1 0.968733 0.441960 0.054800 0.071920
1 0.915547 0.442010 0.065760 0.076020
1 0.851547 0.440010 0.065760 0.076020
1 0.958280 0.513850 0.071227 0.063700
1 0.899613 0.510820 0.071227 0.061640
1 0.832800 0.510880 0.060267 0.065760
1 0.963467 0.579850 0.060267 0.063700
1 0.906027 0.578820 0.052053 0.061640
1 0.847507 0.580770 0.063013 0.057540
1 0.951440 0.638770 0.057547 0.057540
1 0.895440 0.640930 0.057547 0.069860
1 0.831587 0.643790 0.068507 0.059580
1 0.863507 0.367850 0.063013 0.063700
1 0.950133 0.696660 0.060267 0.049320
1 0.891320 0.699630 0.049307 0.047260
1 0.834027 0.696660 0.052053 0.049320
1 0.772693 0.693580 0.052053 0.043160
1 0.930107 0.250820 0.057547 0.061640
1 0.868693 0.247900 0.052053 0.067800
1 0.928947 0.175960 0.071227 0.071920
1 0.859547 0.180990 0.065760 0.073980
1 0.588493 0.032880 0.536987 0.065760
1 0.223813 0.035960 0.186293 0.071920
1 0.067053 0.036990 0.128773 0.073980
