1 0.716000 0.270667 0.272000 0.184000
1 0.743000 0.449333 0.294000 0.168000
1 0.741000 0.621333 0.282000 0.165333
1 0.715000 0.769333 0.262000 0.152000
1 0.703000 0.908000 0.242000 0.146667
1 0.414000 0.260000 0.236000 0.157333
1 0.420000 0.424000 0.248000 0.160000
1 0.428000 0.596000 0.256000 0.141333
1 0.433000 0.761333 0.258000 0.152000
1 0.436000 0.897333 0.240000 0.141333
1 0.178000 0.102667 0.224000 0.146667
1 0.147000 0.260000 0.246000 0.157333
1 0.140000 0.422667 0.252000 0.152000
1 0.143000 0.594667 0.258000 0.165333
1 0.140000 0.778667 0.276000 0.144000
1 0.146000 0.916000 0.252000 0.146667
