1 0.699721 0.285000 0.394442 0.258333
1 0.848333 0.523333 0.291667 0.225000
1 0.495833 0.525279 0.391667 0.238892
1 0.755279 0.767779 0.388892 0.247225
1 0.360000 0.760833 0.391667 0.233333
1 0.841387 0.953054 0.294442 0.094442
1 0.494446 0.950000 0.372225 0.100000
1 0.149721 0.941946 0.294442 0.105558
1 0.147221 0.513613 0.294442 0.238892
1 0.300000 0.259721 0.383333 0.236108
1 0.080554 0.755279 0.161108 0.255558
1 0.054446 0.263613 0.097225 0.238892
1 0.953054 0.288613 0.094442 0.222225
1 0.533054 0.072221 0.411108 0.144442
1 0.861113 0.075000 0.272225 0.150000
